           1   614.238220    
           1              NaN
           2   1521.24182    
           3   839.262146    
           4   1918.77539    
           5   1887.18689    
           7   2474.40063    
          10   1760.08923    
          13   2169.83398    
          17   2624.03027    
          23   3150.97900    
          31   2908.30054    
          42   3338.37964    
          56   4279.13330    
          74   4651.48486    
         100   5107.84424    
         133   6467.65674    
         177   6716.29932    
         237   7660.01416    
         316   9356.69434    
         421   12085.4365    
         562   12768.2891    
         749   14577.5889    
        1000   17110.8008    
        1333   20370.4297    
        1778   23373.8105    
        2371   27948.2891    
        3162   32023.8574    
        4216   36489.5820    
        5623   43699.7773    
        7498   48496.7773    
       10000   54639.3125    
       13335   64971.2031    
       17782   71791.3906    
       23713   86506.3750    
       31622   94618.3359    
       42169   115632.164    
       56234   130679.273    
       74989   152554.188    
      100000   174413.000    
