           1   43.4310036      0.558073819    
           1   0.00000000       0.00000000    
           2   622.063660       3.21770644    
           3   428.034973       4.05340719    
           4   641.096130       4.30154943    
           5   983.672485       3.97886515    
           7   1313.76196       3.42265511    
          10   1014.99084       3.38502049    
          13   1235.60547       2.97440004    
          17   1721.55017       2.95640254    
          23   1763.58911       2.27261353    
          31   2866.03198       1.83976579    
          42   3179.77368       1.54161990    
          56   4126.78516       1.15929043    
          74   4305.19531       1.18924916    
         100   4842.13232      0.931170523    
         133   7712.18994       1.04427958    
         177   6857.30664      0.808856189    
         237   7031.01465      0.601911128    
         316   9599.87891      0.621150494    
         421   10847.2578      0.478518903    
         562   11796.4414      0.434534878    
         749   14617.2412      0.385626167    
        1000   16685.4453      0.346962422    
        1333   17286.6426      0.270242900    
        1778   24034.4609      0.262501448    
        2371   27235.0273      0.228623495    
        3162   30874.3457      0.191031158    
        4216   38961.9688      0.186444953    
        5623   39511.1758      0.140165120    
        7498   44549.3320      0.119362943    
       10000   55334.6523      0.110533528    
       13335   68307.6406      0.102440029    
       17782   69195.8125       7.77686015E-02
       23713   83360.1406       6.99439272E-02
       31622   100022.313       6.35039732E-02
       42169   109486.625       5.20443991E-02
       56234   131527.203       4.67810296E-02
       74989   156028.172       4.17694487E-02
      100000   168907.234       3.38677727E-02
      133352   211390.906       3.15935947E-02
      177827   208413.563       2.34568175E-02
      237137   245623.422       2.07533967E-02
      316227   284811.938       1.80213377E-02
      421696   324024.406       1.53656993E-02
      562341   389357.063       1.38263591E-02
      749894   453603.094       1.20951394E-02
     1000000   518107.563       1.03618735E-02
