        3162  -7.25311935E-02   3.07943672E-02  0.570712268      0.307943672      0.380474865    
        3162  -1.08793974E-02   5.27476557E-02  0.807533860      0.527476549      0.538355947    
        3162  0.336346388      0.112696916       1.18593407       1.12696910      0.790622711    
        3162  0.285099506      0.141515434       1.69508219       1.41515434       1.13005483    
        3162   1.01684642      0.263642192       2.42936325       2.63642192       1.61957550    
        3162  0.841636181      0.320398360       3.54352093       3.20398355       2.36234736    
        3162  -1.15273547      0.229098976       5.16558790       2.29098988       3.44372535    
        3162  -1.09370899      0.372911215       7.23423147       3.72911215       4.82282114    
        3162  -2.25258064      0.466746598       10.3800697       4.66746616       6.92004681    
        3162  0.787146568       1.10798657       15.4390774       11.0798655       10.2927189    
        3162   2.67143154       1.73356426       21.9963150       17.3356419       14.6642103    
        3162  -1.17177582       1.95565641       31.0925102       19.5565643       20.7283401    
        3162  -5.60064888       2.40704322       44.5066223       24.0704327       29.6710815    
        3162   10.3913727       5.32839584       64.3388748       53.2839584       42.8925858    
        3162  -14.8869324       4.73313999       93.3274918       47.3313980       62.2183304    
        3162   11.5446548       10.3785582       138.361389       103.785583       92.2409286    
        3162  -7.78468323       12.0504532       192.433807       120.504532       128.289215    
        3162  -42.5584564       14.6069517       282.941956       146.069519       188.627975    
        3162  -88.3349609       18.1496830       404.747650       181.496826       269.831787    
        3162   35.9770508       42.9959335       590.973450       429.959351       393.982300    
        3162   9.13702393       57.6765366       851.442505       576.765381       567.628357    
        3162   128.808350       92.9536133       1201.09167       929.536133       800.727783    
        3162  -95.7581787       106.143265       1735.78613       1061.43262       1157.19080    
        3162   133.618042       177.937576       2468.63647       1779.37573       1645.75769    
        3162   18.7675781       243.224060       3620.20972       2432.24072       2413.47314    
        3162   73.8039551       348.101105       5110.81055       3481.01099       3407.20703    
        3162  -172.292969       486.532898       7556.43262       4865.32910       5037.62207    
        3162   11.0839844       721.408691       10804.5039       7214.08691       7203.00293    
        3162  -2.09375000       1055.64624       15837.8350       10556.4629       10558.5566    
        3162   304.175781       1519.56934       22337.2754       15195.6934       14891.5176    
        3162  -908.810547       2099.55371       32856.5195       20995.5371       21904.3477    
        3162  -388.226563       3018.61060       45861.4961       30186.1055       30574.3320    
        3162  -2507.55469       4197.14697       66718.5313       41971.4688       44479.0234    
        3162  -1156.17188       6190.94482       94598.4297       61909.4492       63065.6211    
        3162   1270.36719       9174.72363       135715.297       91747.2344       90476.8672    
        3162   415.281250       13218.0742       197648.203       132180.750       131765.469    
        3162   4502.96875       19014.4395       278462.125       190144.391       185641.422    
        3162   2848.03125       26820.1133       398029.625       268201.125       265353.094    
        3162   5589.81250       40496.5273       599063.188       404965.281       399375.469    
        3162   4773.18750       58328.5352       867768.250       583285.375       578512.188    
        3162   2337.25000       79149.4219       1183735.50       791494.250       789157.000    
        3162  -4267.37500       117375.859       1767038.88       1173758.63       1178026.00    
        3162  -5723.25000       170463.344       2565535.00       1704633.50       1710356.75    
        3162   5326.50000       246235.188       3685538.25       2462352.00       2457025.50    
        3162  -4453.00000       347674.594       5221798.50       3476746.00       3481199.00    
        3162  -34665.0000       506944.813       7656169.50       5069448.00       5104113.00    
        3162   3733.00000       738886.813       11077702.0       7388868.00       7385135.00    
        3162   7698.00000       1052253.00       15772247.0       10522530.0       10514832.0    
        3162   44040.0000       1545608.75       23118072.0       15456088.0       15412048.0    
        3162  -2338.00000       2209502.75       33146048.0       22095028.0       22097366.0    
