        1000   36.2393837       7.92807937E-02   64.5621109       79.2807922       43.0414085    
        1000   22.1318092       6.35322854E-02   62.1007080       63.5322838       41.4004745    
        1000   1.21496391       1.86810922E-02   26.1991901       18.6810913       17.4661274    
        1000  -11.9491501       3.72982747E-03   23.5184669       3.72982740       15.6789780    
        1000  -23.7154903       1.52414460E-02   58.4354019       15.2414455       38.9569359    
        1000   345.428345      0.364744902       28.9748535       364.744904       19.3165703    
        1000   68.6612244       8.79345387E-02   28.9099655       87.9345398       19.2733116    
        1000   609.580505      0.676450074       100.304359       676.450073       66.8695755    
        1000   168.598221      0.180783451       18.2778492       180.783447       12.1852331    
        1000   274.957916      0.301031798       39.1108208       301.031799       26.0738811    
        1000   1714.44543       1.80552316       136.616653       1805.52319       91.0777740    
        1000   821.953003       1.00611961       276.249908       1006.11963       184.166611    
        1000   708.888306      0.848134100       208.868713       848.134094       139.245819    
        1000   3450.03198       3.58994198       209.864853       3589.94189       139.909912    
        1000   2043.52637       2.17934060       203.721390       2179.34058       135.814270    
        1000   2682.71118       2.86971474       280.505585       2869.71484       187.003723    
        1000   1147.87939       1.54540336       596.285767       1545.40332       397.523865    
        1000   9049.44238       9.33364964       426.310059       9333.64941       284.206726    
        1000   8064.64990       8.44212914       566.218628       8442.12891       377.479095    
        1000   14790.7168       15.3843880       890.505676       15384.3877       593.670471    
        1000   15777.4824       16.5701542       1189.00757       16570.1543       792.671753    
        1000   30913.6133       31.7133694       1199.63477       31713.3691       799.756531    
        1000   45286.2930       46.2518883       1448.38867       46251.8867       965.592468    
        1000   60710.1211       62.1468735       2155.13281       62146.8750       1436.75525    
        1000   78602.8281       80.2204819       2426.48657       80220.4844       1617.65771    
        1000   146189.281       148.143829       2931.81543       148143.828       1954.54370    
        1000   170978.484       173.752304       4160.71875       173752.297       2773.81250    
        1000   250356.906       254.035721       5518.22412       254035.719       3678.81616    
        1000   309789.188       314.359741       6855.82471       314359.750       4570.54980    
        1000   345923.438       352.013245       9134.70410       352013.250       6089.80273    
