   3.99999991E-02   5.96046463E+18
   4.99999970E-02   4.09600586E+17
   5.99999949E-02   4.59394169E+16
   6.99999928E-02   7.22477011E+15
   7.99999908E-02   1.45519317E+15
   8.99999887E-02   3.54070863E+14
   9.99999866E-02   9.99999417E+13
  0.109999985       3.18630139E+13
  0.119999982       1.12156245E+13
  0.129999980       4.29216445E+12
  0.139999986       1.76383368E+12
  0.149999991       7.70717778E+11
  0.159999996       3.55259449E+11
  0.170000002       1.71629445E+11
  0.180000007       8.64370934E+10
  0.190000013       4.51767869E+10
  0.200000018       2.44109169E+10
  0.210000023       1.35923108E+10
  0.220000029       7.77729843E+09
  0.230000034       4.56180531E+09
  0.240000039       2.73714688E+09
  0.250000030       1.67689997E+09
  0.260000020       1.04725107E+09
  0.270000011       665729984.    
  0.280000001       430214304.    
  0.289999992       282297696.    
  0.299999982       187893456.    
  0.309999973       126732616.    
  0.319999963       86550056.0    
  0.329999954       59801256.0    
  0.339999944       41774364.0    
  0.349999934       29483888.0    
  0.359999925       21012428.0    
  0.369999915       15112842.0    
  0.379999906       10964152.0    
  0.389999896       8019720.50    
  0.399999887       5911659.00    
  0.409999877       4389852.00    
  0.419999868       3282586.00    
  0.429999858       2470898.00    
  0.439999849       1871632.00    
  0.449999839       1426194.38    
  0.459999830       1092949.50    
  0.469999820       842097.625    
  0.479999810       652156.688    
  0.489999801       507525.188    
  0.499999791       396802.281    
  0.509999812       311602.156    
  0.519999802       245720.172    
  0.529999793       194535.984    
  0.539999783       154592.453    
  0.549999774       123286.570    
  0.559999764       98649.7031    
  0.569999754       79185.0859    
  0.579999745       63749.0859    
  0.589999735       51463.8906    
  0.599999726       41652.9297    
  0.609999716       33792.2617    
  0.619999707       27474.6328    
  0.629999697       22382.0898    
  0.639999688       18265.5449    
  0.649999678       14929.0771    
  0.659999669       12218.0547    
  0.669999659       10009.9854    
  0.679999650       8207.56348    
  0.689999640       6733.18555    
  0.699999630       5524.82910    
  0.709999621       4532.71973    
  0.719999611       3716.83081    
  0.729999602       3044.86768    
  0.739999592       2490.72119    
  0.749999583       2033.21570    
  0.759999573       1655.13452    
  0.769999564       1342.45374    
  0.779999554       1083.71851    
  0.789999545       869.549866    
  0.799999535       692.259338    
  0.809999526       545.525024    
  0.819999516       424.141418    
  0.829999506       323.813629    
  0.839999497       240.991684    
  0.849999487       172.738129    
  0.859999478       116.615341    
  0.869999468       70.6007462    
  0.879999459       33.0112915    
  0.889999449       2.44598389    
  0.899999440      -22.2635498    
  0.909999430      -42.0916786    
  0.919999421      -57.8532448    
  0.929999411      -70.2293854    
  0.939999402      -79.7900467    
  0.949999392      -87.0126877    
  0.959999382      -92.2971725    
  0.969999373      -95.9789658    
  0.979999363      -98.3391647    
  0.989999354      -99.6136093    
  0.999999344      -100.000000    
   1.00999939      -99.6641693    
   1.01999938      -98.7450333    
   1.02999938      -97.3589630    
   1.03999937      -95.6033173    
   1.04999936      -93.5594788    
   1.05999935      -91.2953262    
   1.06999934      -88.8674240    
   1.07999933      -86.3227234    
   1.08999932      -83.7001801    
   1.09999931      -81.0318909    
   1.10999930      -78.3442764    
   1.11999929      -75.6589050    
   1.12999928      -72.9932938    
   1.13999927      -70.3616028    
   1.14999926      -67.7749863    
   1.15999925      -65.2423630    
   1.16999924      -62.7704849    
   1.17999923      -60.3645401    
   1.18999922      -58.0282211    
   1.19999921      -55.7641220    
   1.20999920      -53.5737801    
   1.21999919      -51.4580193    
   1.22999918      -49.4169846    
   1.23999918      -47.4502563    
   1.24999917      -45.5570107    
   1.25999916      -43.7360573    
   1.26999915      -41.9859314    
   1.27999914      -40.3050003    
   1.28999913      -38.6914024    
   1.29999912      -37.1431847    
   1.30999911      -35.6583099    
   1.31999910      -34.2347069    
   1.32999909      -32.8702431    
   1.33999908      -31.5627785    
   1.34999907      -30.3102074    
   1.35999906      -29.1104259    
   1.36999905      -27.9613495    
   1.37999904      -26.8609371    
   1.38999903      -25.8072414    
   1.39999902      -24.7982998    
   1.40999901      -23.8322468    
   1.41999900      -22.9072552    
   1.42999899      -22.0215721    
   1.43999898      -21.1735077    
   1.44999897      -20.3614063    
   1.45999897      -19.5837135    
   1.46999896      -18.8389130    
   1.47999895      -18.1255531    
   1.48999894      -17.4422379    
   1.49999893      -16.7876339    
   1.50999892      -16.1604671    
   1.51999891      -15.5595150    
   1.52999890      -14.9836149    
   1.53999889      -14.4316311    
   1.54999888      -13.9025135    
   1.55999887      -13.3952322    
   1.56999886      -12.9088297    
   1.57999885      -12.4423523    
   1.58999884      -11.9949293    
   1.59999883      -11.5657091    
   1.60999882      -11.1538839    
   1.61999881      -10.7586861    
   1.62999880      -10.3793755    
   1.63999879      -10.0152559    
   1.64999878      -9.66566277    
   1.65999877      -9.32995415    
   1.66999876      -9.00752544    
   1.67999876      -8.69778728    
   1.68999875      -8.40020370    
   1.69999874      -8.11423779    
   1.70999873      -7.83938694    
   1.71999872      -7.57517529    
   1.72999871      -7.32114410    
   1.73999870      -7.07685661    
   1.74999869      -6.84190464    
   1.75999868      -6.61588097    
   1.76999867      -6.39841461    
   1.77999866      -6.18914318    
   1.78999865      -5.98772049    
   1.79999864      -5.79382372    
   1.80999863      -5.60712767    
   1.81999862      -5.42734480    
   1.82999861      -5.25418234    
   1.83999860      -5.08736610    
   1.84999859      -4.92664051    
   1.85999858      -4.77175474    
   1.86999857      -4.62247181    
   1.87999856      -4.47856236    
   1.88999856      -4.33981037    
   1.89999855      -4.20600605    
   1.90999854      -4.07695436    
   1.91999853      -3.95246673    
   1.92999852      -3.83235812    
   1.93999851      -3.71645617    
   1.94999850      -3.60459685    
   1.95999849      -3.49662042    
   1.96999848      -3.39237404    
   1.97999847      -3.29171348    
   1.98999846      -3.19449902    
   1.99999845      -3.10060143    
   2.00999856      -3.00988579    
   2.01999855      -2.92223740    
   2.02999854      -2.83753729    
   2.03999853      -2.75567245    
   2.04999852      -2.67653561    
   2.05999851      -2.60002589    
   2.06999850      -2.52604342    
   2.07999849      -2.45449424    
   2.08999848      -2.38528872    
   2.09999847      -2.31833863    
   2.10999846      -2.25356174    
   2.11999846      -2.19087863    
   2.12999845      -2.13021159    
   2.13999844      -2.07148838    
   2.14999843      -2.01463795    
   2.15999842      -1.95959353    
   2.16999841      -1.90628910    
   2.17999840      -1.85466409    
   2.18999839      -1.80465615    
   2.19999838      -1.75620985    
   2.20999837      -1.70926881    
   2.21999836      -1.66378152    
   2.22999835      -1.61969590    
   2.23999834      -1.57696271    
   2.24999833      -1.53553593    
   2.25999832      -1.49536967    
   2.26999831      -1.45642054    
   2.27999830      -1.41864693    
   2.28999829      -1.38200843    
   2.29999828      -1.34646630    
   2.30999827      -1.31198406    
   2.31999826      -1.27852499    
   2.32999825      -1.24605513    
   2.33999825      -1.21454108    
   2.34999824      -1.18395030    
   2.35999823      -1.15425348    
   2.36999822      -1.12542057    
   2.37999821      -1.09742224    
   2.38999820      -1.07023191    
   2.39999819      -1.04382277    
   2.40999818      -1.01816905    
   2.41999817     -0.993246973    
   2.42999816     -0.969032764    
   2.43999815     -0.945502818    
   2.44999814     -0.922635555    
   2.45999813     -0.900410116    
   2.46999812     -0.878806114    
   2.47999811     -0.857802868    
   2.48999810     -0.837382674    
   2.49999809     -0.817526042    
   2.50999808     -0.798215985    
   2.51999807     -0.779435277    
   2.52999806     -0.761167049    
   2.53999805     -0.743396044    
   2.54999804     -0.726106644    
   2.55999804     -0.709283888    
   2.56999803     -0.692913473    
   2.57999802     -0.676981568    
   2.58999801     -0.661475003    
   2.59999800     -0.646380723    
   2.60999799     -0.631686330    
   2.61999798     -0.617379785    
   2.62999797     -0.603449404    
   2.63999796     -0.589883983    
   2.64999795     -0.576672673    
   2.65999794     -0.563804746    
   2.66999793     -0.551270485    
   2.67999792     -0.539059639    
   2.68999791     -0.527162910    
   2.69999790     -0.515571117    
   2.70999789     -0.504275322    
   2.71999788     -0.493267030    
   2.72999787     -0.482537746    
   2.73999786     -0.472079635    
   2.74999785     -0.461884588    
   2.75999784     -0.451945275    
   2.76999784     -0.442254722    
   2.77999783     -0.432805210    
   2.78999782     -0.423590600    
   2.79999781     -0.414603442    
   2.80999780     -0.405838013    
   2.81999779     -0.397287905    
   2.82999778     -0.388947070    
   2.83999777     -0.380809665    
   2.84999776     -0.372869998    
   2.85999775     -0.365122676    
   2.86999774     -0.357562453    
   2.87999773     -0.350184143    
   2.88999772     -0.342982560    
   2.89999771     -0.335953236    
   2.90999770     -0.329091340    
   2.91999769     -0.322392195    
   2.92999768     -0.315851599    
   2.93999767     -0.309465051    
   2.94999766     -0.303228766    
   2.95999765     -0.297138453    
   2.96999764     -0.291190326    
   2.97999763     -0.285380423    
   2.98999763     -0.279705495    
   2.99999762     -0.274161637    
   3.00999761     -0.268745452    
   3.01999760     -0.263453543    
   3.02999759     -0.258282900    
   3.03999758     -0.253230184    
   3.04999757     -0.248292327    
   3.05999756     -0.243466318    
   3.06999755     -0.238749415    
   3.07999754     -0.234138831    
   3.08999753     -0.229631603    
   3.09999752     -0.225225270    
   3.10999751     -0.220917284    
   3.11999750     -0.216705024    
   3.12999749     -0.212586135    
   3.13999748     -0.208558321    
   3.14999747     -0.204619199    
   3.15999746     -0.200766608    
   3.16999745     -0.196998328    
   3.17999744     -0.193312272    
   3.18999743     -0.189706311    
   3.19999743     -0.186178625    
   3.20999742     -0.182727218    
   3.21999741     -0.179350212    
   3.22999740     -0.176045761    
   3.23999739     -0.172812194    
   3.24999738     -0.169647545    
   3.25999737     -0.166550353    
   3.26999736     -0.163518846    
   3.27999735     -0.160551608    
   3.28999734     -0.157646939    
   3.29999733     -0.154803336    
   3.30999732     -0.152019382    
   3.31999731     -0.149293676    
   3.32999730     -0.146624789    
   3.33999729     -0.144011378    
   3.34999728     -0.141452134    
   3.35999727     -0.138945833    
   3.36999726     -0.136491135    
   3.37999725     -0.134086892    
   3.38999724     -0.131731898    
   3.39999723     -0.129424974    
   3.40999722     -0.127165005    
   3.41999722     -0.124950960    
   3.42999721     -0.122781806    
   3.43999720     -0.120656379    
   3.44999719     -0.118573777    
   3.45999718     -0.116533019    
   3.46999717     -0.114533059    
   3.47999716     -0.112573020    
   3.48999715     -0.110652015    
   3.49999714     -0.108769119    
   3.50999713     -0.106923528    
   3.51999712     -0.105114363    
   3.52999711     -0.103340790    
   3.53999710     -0.101601988    
   3.54999709      -9.98972207E-02
   3.55999708      -9.82257798E-02
   3.56999707      -9.65868235E-02
   3.57999706      -9.49796960E-02
   3.58999705      -9.34036821E-02
   3.59999704      -9.18580741E-02
   3.60999703      -9.03422311E-02
   3.61999702      -8.88554752E-02
   3.62999701      -8.73971954E-02
   3.63999701      -8.59667361E-02
   3.64999700      -8.45635682E-02
   3.65999699      -8.31869692E-02
   3.66999698      -8.18364993E-02
   3.67999697      -8.05114880E-02
   3.68999696      -7.92114735E-02
   3.69999695      -7.79358298E-02
   3.70999694      -7.66841099E-02
   3.71999693      -7.54557922E-02
   3.72999692      -7.42503554E-02
   3.73999691      -7.30673373E-02
   3.74999690      -7.19062313E-02
   3.75999689      -7.07665607E-02
   3.76999688      -6.96479529E-02
   3.77999687      -6.85499012E-02
   3.78999686      -6.74719885E-02
   3.79999685      -6.64138198E-02
   3.80999684      -6.53749481E-02
   3.81999683      -6.43549636E-02
   3.82999682      -6.33535460E-02
   3.83999681      -6.23701997E-02
   3.84999681      -6.14046194E-02
   3.85999680      -6.04564324E-02
   3.86999679      -5.95253147E-02
   3.87999678      -5.86108714E-02
   3.88999677      -5.77127561E-02
   3.89999676      -5.68306930E-02
   3.90999675      -5.59642613E-02
   3.91999674      -5.51132262E-02
   3.92999673      -5.42772822E-02
   3.93999672      -5.34560308E-02
   3.94999671      -5.26492707E-02
   3.95999670      -5.18566705E-02
   3.96999669      -5.10779694E-02
   3.97999668      -5.03128804E-02
   3.98999667      -4.95611057E-02
   3.99999666      -4.88224104E-02
   4.00999689      -4.80965115E-02
   4.01999712      -4.73831594E-02
   4.02999735      -4.66821529E-02
   4.03999758      -4.59931754E-02
   4.04999781      -4.53160554E-02
   4.05999804      -4.46505286E-02
   4.06999826      -4.39963676E-02
   4.07999849      -4.33533713E-02
   4.08999872      -4.27213088E-02
   4.09999895      -4.20999713E-02
   4.10999918      -4.14891504E-02
   4.11999941      -4.08886522E-02
   4.12999964      -4.02982496E-02
   4.13999987      -3.97177786E-02
   4.15000010      -3.91470268E-02
   4.16000032      -3.85858305E-02
   4.17000055      -3.80340107E-02
   4.18000078      -3.74913476E-02
   4.19000101      -3.69577110E-02
   4.20000124      -3.64329144E-02
   4.21000147      -3.59167904E-02
   4.22000170      -3.54091749E-02
   4.23000193      -3.49099003E-02
   4.24000216      -3.44188325E-02
   4.25000238      -3.39358039E-02
   4.26000261      -3.34606580E-02
   4.27000284      -3.29932533E-02
   4.28000307      -3.25334556E-02
   4.29000330      -3.20811123E-02
   4.30000353      -3.16360891E-02
   4.31000376      -3.11982594E-02
   4.32000399      -3.07674631E-02
   4.33000422      -3.03436033E-02
   4.34000444      -2.99265403E-02
   4.35000467      -2.95161419E-02
   4.36000490      -2.91122999E-02
   4.37000513      -2.87148841E-02
   4.38000536      -2.83237919E-02
   4.39000559      -2.79388968E-02
   4.40000582      -2.75600795E-02
   4.41000605      -2.71872580E-02
   4.42000628      -2.68202908E-02
   4.43000650      -2.64591035E-02
   4.44000673      -2.61035655E-02
   4.45000696      -2.57535931E-02
   4.46000719      -2.54090820E-02
   4.47000742      -2.50699464E-02
   4.48000765      -2.47360710E-02
   4.49000788      -2.44073682E-02
   4.50000811      -2.40837466E-02
   4.51000834      -2.37651318E-02
   4.52000856      -2.34514158E-02
   4.53000879      -2.31425148E-02
   4.54000902      -2.28383597E-02
   4.55000925      -2.25388557E-02
   4.56000948      -2.22439244E-02
   4.57000971      -2.19534859E-02
   4.58000994      -2.16674600E-02
   4.59001017      -2.13857703E-02
   4.60001040      -2.11083498E-02
   4.61001062      -2.08351128E-02
   4.62001085      -2.05659941E-02
   4.63001108      -2.03009192E-02
   4.64001131      -2.00398304E-02
   4.65001154      -1.97826456E-02
   4.66001177      -1.95292979E-02
   4.67001200      -1.92797408E-02
   4.68001223      -1.90338828E-02
   4.69001245      -1.87916793E-02
   4.70001268      -1.85530633E-02
   4.71001291      -1.83179751E-02
   4.72001314      -1.80863570E-02
   4.73001337      -1.78581458E-02
   4.74001360      -1.76332947E-02
   4.75001383      -1.74117275E-02
   4.76001406      -1.71934031E-02
   4.77001429      -1.69782713E-02
   4.78001451      -1.67662725E-02
   4.79001474      -1.65573545E-02
   4.80001497      -1.63514670E-02
   4.81001520      -1.61485616E-02
   4.82001543      -1.59485824E-02
   4.83001566      -1.57514941E-02
   4.84001589      -1.55572342E-02
   4.85001612      -1.53657645E-02
   4.86001635      -1.51770441E-02
   4.87001657      -1.49910133E-02
   4.88001680      -1.48076452E-02
   4.89001703      -1.46268839E-02
   4.90001726      -1.44486940E-02
   4.91001749      -1.42730288E-02
   4.92001772      -1.40998568E-02
   4.93001795      -1.39291268E-02
   4.94001818      -1.37608033E-02
   4.95001841      -1.35948472E-02
   4.96001863      -1.34312240E-02
   4.97001886      -1.32698882E-02
   4.98001909      -1.31108174E-02
   4.99001932      -1.29539622E-02
   5.00001955      -1.27992900E-02
   5.01001978      -1.26467710E-02
   5.02002001      -1.24963643E-02
   5.03002024      -1.23480484E-02
   5.04002047      -1.22017739E-02
   5.05002069      -1.20575204E-02
   5.06002092      -1.19152535E-02
   5.07002115      -1.17749367E-02
   5.08002138      -1.16365496E-02
   5.09002161      -1.15000540E-02
   5.10002184      -1.13654155E-02
   5.11002207      -1.12326201E-02
   5.12002230      -1.11016333E-02
   5.13002253      -1.09724188E-02
   5.14002275      -1.08449589E-02
   5.15002298      -1.07192239E-02
   5.16002321      -1.05951820E-02
   5.17002344      -1.04728183E-02
   5.18002367      -1.03520947E-02
   5.19002390      -1.02329925E-02
   5.20002413      -1.01154884E-02
   5.21002436      -9.99955274E-03
   5.22002459      -9.88516957E-03
   5.23002481      -9.77230258E-03
   5.24002504      -9.66093782E-03
   5.25002527      -9.55105387E-03
   5.26002550      -9.44262277E-03
   5.27002573      -9.33562871E-03
   5.28002596      -9.23004281E-03
   5.29002619      -9.12584737E-03
   5.30002642      -9.02302191E-03
   5.31002665      -8.92154686E-03
   5.32002687      -8.82139709E-03
   5.33002710      -8.72255955E-03
   5.34002733      -8.62501282E-03
   5.35002756      -8.52873456E-03
   5.36002779      -8.43371078E-03
   5.37002802      -8.33991542E-03
   5.38002825      -8.24733544E-03
   5.39002848      -8.15595314E-03
   5.40002871      -8.06574896E-03
   5.41002893      -7.97671266E-03
   5.42002916      -7.88881443E-03
   5.43002939      -7.80204590E-03
   5.44002962      -7.71638751E-03
   5.45002985      -7.63182854E-03
   5.46003008      -7.54834246E-03
   5.47003031      -7.46592274E-03
   5.48003054      -7.38455215E-03
   5.49003077      -7.30421161E-03
   5.50003099      -7.22489366E-03
   5.51003122      -7.14657363E-03
   5.52003145      -7.06924498E-03
   5.53003168      -6.99289003E-03
   5.54003191      -6.91749807E-03
   5.55003214      -6.84304675E-03
   5.56003237      -6.76953187E-03
   5.57003260      -6.69693993E-03
   5.58003283      -6.62524998E-03
   5.59003305      -6.55445689E-03
   5.60003328      -6.48454158E-03
   5.61003351      -6.41549705E-03
   5.62003374      -6.34730747E-03
   5.63003397      -6.27996121E-03
   5.64003420      -6.21345034E-03
   5.65003443      -6.14775764E-03
   5.66003466      -6.08287333E-03
   5.67003489      -6.01878995E-03
   5.68003511      -5.95548935E-03
   5.69003534      -5.89296315E-03
   5.70003557      -5.83120296E-03
   5.71003580      -5.77019760E-03
   5.72003603      -5.70993591E-03
   5.73003626      -5.65040810E-03
   5.74003649      -5.59159741E-03
   5.75003672      -5.53350477E-03
   5.76003695      -5.47611481E-03
   5.77003717      -5.41941449E-03
   5.78003740      -5.36340103E-03
   5.79003763      -5.30806044E-03
   5.80003786      -5.25338529E-03
   5.81003809      -5.19936578E-03
   5.82003832      -5.14599541E-03
   5.83003855      -5.09325974E-03
   5.84003878      -5.04115690E-03
   5.85003901      -4.98967152E-03
   5.86003923      -4.93880035E-03
   5.87003946      -4.88853222E-03
   5.88003969      -4.83886059E-03
   5.89003992      -4.78977803E-03
   5.90004015      -4.74127242E-03
   5.91004038      -4.69334144E-03
   5.92004061      -4.64597484E-03
   5.93004084      -4.59916471E-03
   5.94004107      -4.55290126E-03
   5.95004129      -4.50718170E-03
   5.96004152      -4.46199812E-03
   5.97004175      -4.41734167E-03
   5.98004198      -4.37320443E-03
   5.99004221      -4.32958128E-03
   6.00004244      -4.28646756E-03
   6.01004267      -4.24384978E-03
   6.02004290      -4.20172745E-03
   6.03004313      -4.16009128E-03
   6.04004335      -4.11893660E-03
   6.05004358      -4.07825597E-03
   6.06004381      -4.03804379E-03
   6.07004404      -3.99829308E-03
   6.08004427      -3.95899778E-03
   6.09004450      -3.92015185E-03
   6.10004473      -3.88174970E-03
   6.11004496      -3.84378806E-03
   6.12004519      -3.80625715E-03
   6.13004541      -3.76915233E-03
   6.14004564      -3.73246986E-03
   6.15004587      -3.69620277E-03
   6.16004610      -3.66034801E-03
   6.17004633      -3.62489652E-03
   6.18004656      -3.58984503E-03
   6.19004679      -3.55518819E-03
   6.20004702      -3.52092041E-03
   6.21004725      -3.48703796E-03
   6.22004747      -3.45353666E-03
   6.23004770      -3.42040951E-03
   6.24004793      -3.38765210E-03
   6.25004816      -3.35526094E-03
   6.26004839      -3.32322926E-03
   6.27004862      -3.29155405E-03
   6.28004885      -3.26023111E-03
   6.29004908      -3.22925509E-03
   6.30004930      -3.19862110E-03
   6.31004953      -3.16832773E-03
   6.32004976      -3.13836709E-03
   6.33004999      -3.10873659E-03
   6.34005022      -3.07943020E-03
   6.35005045      -3.05044744E-03
   6.36005068      -3.02178273E-03
   6.37005091      -2.99343094E-03
   6.38005114      -2.96538905E-03
   6.39005136      -2.93765380E-03
   6.40005159      -2.91022076E-03
   6.41005182      -2.88308645E-03
   6.42005205      -2.85624526E-03
   6.43005228      -2.82969582E-03
   6.44005251      -2.80343485E-03
   6.45005274      -2.77745724E-03
   6.46005297      -2.75176018E-03
   6.47005320      -2.72634043E-03
   6.48005342      -2.70119286E-03
   6.49005365      -2.67631514E-03
   6.50005388      -2.65170587E-03
   6.51005411      -2.62736040E-03
   6.52005434      -2.60327407E-03
   6.53005457      -2.57944455E-03
   6.54005480      -2.55587045E-03
   6.55005503      -2.53254734E-03
   6.56005526      -2.50947196E-03
   6.57005548      -2.48664152E-03
   6.58005571      -2.46405206E-03
   6.59005594      -2.44170288E-03
   6.60005617      -2.41958885E-03
   6.61005640      -2.39770790E-03
   6.62005663      -2.37605884E-03
   6.63005686      -2.35463679E-03
   6.64005709      -2.33343989E-03
   6.65005732      -2.31246604E-03
   6.66005754      -2.29171012E-03
   6.67005777      -2.27117166E-03
   6.68005800      -2.25084787E-03
   6.69005823      -2.23073596E-03
   6.70005846      -2.21083360E-03
   6.71005869      -2.19113845E-03
   6.72005892      -2.17164704E-03
   6.73005915      -2.15235748E-03
   6.74005938      -2.13326793E-03
   6.75005960      -2.11437535E-03
   6.76005983      -2.09567812E-03
   6.77006006      -2.07717274E-03
   6.78006029      -2.05885852E-03
   6.79006052      -2.04073195E-03
   6.80006075      -2.02279072E-03
   6.81006098      -2.00503366E-03
   6.82006121      -1.98745937E-03
   6.83006144      -1.97006343E-03
   6.84006166      -1.95284537E-03
   6.85006189      -1.93580182E-03
   6.86006212      -1.91893254E-03
   6.87006235      -1.90223346E-03
   6.88006258      -1.88570481E-03
   6.89006281      -1.86934299E-03
   6.90006304      -1.85314589E-03
   6.91006327      -1.83711294E-03
   6.92006350      -1.82124169E-03
   6.93006372      -1.80553016E-03
   6.94006395      -1.78997603E-03
   6.95006418      -1.77457789E-03
   6.96006441      -1.75933470E-03
   6.97006464      -1.74424390E-03
   6.98006487      -1.72930374E-03
   6.99006510      -1.71451271E-03
   7.00006533      -1.69986929E-03
   7.01006556      -1.68537209E-03
   7.02006578      -1.67101831E-03
   7.03006601      -1.65680633E-03
   7.04006624      -1.64273556E-03
   7.05006647      -1.62880425E-03
   7.06006670      -1.61501090E-03
   7.07006693      -1.60135294E-03
   7.08006716      -1.58782990E-03
   7.09006739      -1.57443993E-03
   7.10006762      -1.56118185E-03
   7.11006784      -1.54805311E-03
   7.12006807      -1.53505336E-03
   7.13006830      -1.52218086E-03
   7.14006853      -1.50943338E-03
   7.15006876      -1.49681116E-03
   7.16006899      -1.48431154E-03
   7.17006922      -1.47193403E-03
   7.18006945      -1.45967607E-03
   7.19006968      -1.44753687E-03
   7.20006990      -1.43551629E-03
   7.21007013      -1.42361177E-03
   7.22007036      -1.41182169E-03
   7.23007059      -1.40014593E-03
   7.24007082      -1.38858205E-03
   7.25007105      -1.37712958E-03
   7.26007128      -1.36578735E-03
   7.27007151      -1.35455490E-03
   7.28007174      -1.34342897E-03
   7.29007196      -1.33240968E-03
   7.30007219      -1.32149539E-03
   7.31007242      -1.31068542E-03
   7.32007265      -1.29997893E-03
   7.33007288      -1.28937338E-03
   7.34007311      -1.27886981E-03
   7.35007334      -1.26846577E-03
   7.36007357      -1.25815941E-03
   7.37007380      -1.24795106E-03
   7.38007402      -1.23783969E-03
   7.39007425      -1.22782344E-03
   7.40007448      -1.21790124E-03
   7.41007471      -1.20807346E-03
   7.42007494      -1.19833706E-03
   7.43007517      -1.18869217E-03
   7.44007540      -1.17913797E-03
   7.45007563      -1.16967363E-03
   7.46007586      -1.16029754E-03
   7.47007608      -1.15100853E-03
   7.48007631      -1.14180683E-03
   7.49007654      -1.13269011E-03
   7.50007677      -1.12365885E-03
   7.51007700      -1.11471117E-03
   7.52007723      -1.10584637E-03
   7.53007746      -1.09706458E-03
   7.54007769      -1.08836323E-03
   7.55007792      -1.07974280E-03
   7.56007814      -1.07120140E-03
   7.57007837      -1.06273906E-03
   7.58007860      -1.05435401E-03
   7.59007883      -1.04604708E-03
   7.60007906      -1.03781559E-03
   7.61007929      -1.02966011E-03
   7.62007952      -1.02157879E-03
   7.63007975      -1.01357140E-03
   7.64007998      -1.00563769E-03
   7.65008020      -9.97776282E-04
   7.66008043      -9.89985652E-04
   7.67008066      -9.82266618E-04
   7.68008089      -9.74617258E-04
   7.69008112      -9.67037631E-04
   7.70008135      -9.59526747E-04
   7.71008158      -9.52083792E-04
   7.72008181      -9.44707775E-04
   7.73008204      -9.37398523E-04
   7.74008226      -9.30155802E-04
   7.75008249      -9.22977342E-04
   7.76008272      -9.15863551E-04
   7.77008295      -9.08814021E-04
   7.78008318      -9.01828054E-04
   7.79008341      -8.94903962E-04
   7.80008364      -8.88041570E-04
   7.81008387      -8.81241227E-04
   7.82008410      -8.74501420E-04
   7.83008432      -8.67821567E-04
   7.84008455      -8.61201261E-04
   7.85008478      -8.54639686E-04
   7.86008501      -8.48136086E-04
   7.87008524      -8.41690518E-04
   7.88008547      -8.35302228E-04
   7.89008570      -8.28969933E-04
   7.90008593      -8.22694099E-04
   7.91008615      -8.16472922E-04
   7.92008638      -8.10307043E-04
   7.93008661      -8.04195413E-04
   7.94008684      -7.98137626E-04
   7.95008707      -7.92132574E-04
   7.96008730      -7.86180142E-04
   7.97008753      -7.80279981E-04
   7.98008776      -7.74431915E-04
   7.99008799      -7.68634258E-04
   8.00008774      -7.62887765E-04
   8.01008797      -7.57191156E-04
   8.02008820      -7.51543965E-04
   8.03008842      -7.45945610E-04
   8.04008865      -7.40396150E-04
   8.05008888      -7.34894886E-04
   8.06008911      -7.29440770E-04
   8.07008934      -7.24034500E-04
   8.08008957      -7.18674390E-04
   8.09008980      -7.13360670E-04
   8.10009003      -7.08092819E-04
   8.11009026      -7.02870078E-04
   8.12009048      -6.97692565E-04
   8.13009071      -6.92559173E-04
   8.14009094      -6.87469845E-04
   8.15009117      -6.82424288E-04
   8.16009140      -6.77421864E-04
   8.17009163      -6.72461931E-04
   8.18009186      -6.67544489E-04
   8.19009209      -6.62668957E-04
   8.20009232      -6.57834753E-04
   8.21009254      -6.53041876E-04
   8.22009277      -6.48289395E-04
   8.23009300      -6.43577485E-04
   8.24009323      -6.38905389E-04
   8.25009346      -6.34272757E-04
   8.26009369      -6.29679358E-04
   8.27009392      -6.25124783E-04
   8.28009415      -6.20608393E-04
   8.29009438      -6.16130303E-04
   8.30009460      -6.11689524E-04
   8.31009483      -6.07286289E-04
   8.32009506      -6.02919899E-04
   8.33009529      -5.98590064E-04
   8.34009552      -5.94296434E-04
   8.35009575      -5.90038835E-04
   8.36009598      -5.85816801E-04
   8.37009621      -5.81629924E-04
   8.38009644      -5.77477796E-04
   8.39009666      -5.73360303E-04
   8.40009689      -5.69277036E-04
   8.41009712      -5.65227470E-04
   8.42009735      -5.61211549E-04
   8.43009758      -5.57229097E-04
   8.44009781      -5.53279417E-04
   8.45009804      -5.49362449E-04
   8.46009827      -5.45477611E-04
   8.47009850      -5.41625079E-04
   8.48009872      -5.37803979E-04
   8.49009895      -5.34014252E-04
   8.50009918      -5.30255900E-04
   8.51009941      -5.26528282E-04
   8.52009964      -5.22831047E-04
   8.53009987      -5.19164198E-04
   8.54010010      -5.15527208E-04
   8.55010033      -5.11920196E-04
   8.56010056      -5.08342288E-04
   8.57010078      -5.04793599E-04
   8.58010101      -5.01273957E-04
   8.59010124      -4.97782661E-04
   8.60010147      -4.94319713E-04
   8.61010170      -4.90884995E-04
   8.62010193      -4.87478013E-04
   8.63010216      -4.84098622E-04
   8.64010239      -4.80746443E-04
   8.65010262      -4.77421418E-04
   8.66010284      -4.74123226E-04
   8.67010307      -4.70851490E-04
   8.68010330      -4.67606093E-04
   8.69010353      -4.64386685E-04
   8.70010376      -4.61193267E-04
   8.71010399      -4.58025315E-04
   8.72010422      -4.54882742E-04
   8.73010445      -4.51765198E-04
   8.74010468      -4.48672828E-04
   8.75010490      -4.45604936E-04
   8.76010513      -4.42561519E-04
   8.77010536      -4.39542229E-04
   8.78010559      -4.36547096E-04
   8.79010582      -4.33575624E-04
   8.80010605      -4.30627872E-04
   8.81010628      -4.27703431E-04
   8.82010651      -4.24802012E-04
   8.83010674      -4.21923585E-04
   8.84010696      -4.19067830E-04
   8.85010719      -4.16234718E-04
   8.86010742      -4.13423957E-04
   8.87010765      -4.10635344E-04
   8.88010788      -4.07868356E-04
   8.89010811      -4.05123399E-04
   8.90010834      -4.02399892E-04
   8.91010857      -3.99697718E-04
   8.92010880      -3.97016527E-04
   8.93010902      -3.94356408E-04
   8.94010925      -3.91717127E-04
   8.95010948      -3.89098510E-04
   8.96010971      -3.86500178E-04
   8.97010994      -3.83921957E-04
   8.98011017      -3.81363963E-04
   8.99011040      -3.78825702E-04
   9.00011063      -3.76307260E-04
   9.01011086      -3.73808201E-04
   9.02011108      -3.71328526E-04
   9.03011131      -3.68868030E-04
   9.04011154      -3.66426597E-04
   9.05011177      -3.64003849E-04
   9.06011200      -3.61599843E-04
   9.07011223      -3.59214289E-04
   9.08011246      -3.56847158E-04
   9.09011269      -3.54498188E-04
   9.10011292      -3.52167204E-04
   9.11011314      -3.49854177E-04
   9.12011337      -3.47558729E-04
   9.13011360      -3.45280918E-04
   9.14011383      -3.43020482E-04
   9.15011406      -3.40777216E-04
   9.16011429      -3.38551181E-04
   9.17011452      -3.36341996E-04
   9.18011475      -3.34149663E-04
   9.19011497      -3.31973861E-04
   9.20011520      -3.29814735E-04
   9.21011543      -3.27671965E-04
   9.22011566      -3.25545319E-04
   9.23011589      -3.23434739E-04
   9.24011612      -3.21340282E-04
   9.25011635      -3.19261453E-04
   9.26011658      -3.17198399E-04
   9.27011681      -3.15150770E-04
   9.28011703      -3.13118653E-04
   9.29011726      -3.11101699E-04
   9.30011749      -3.09099967E-04
   9.31011772      -3.07113311E-04
   9.32011795      -3.05141526E-04
   9.33011818      -3.03184323E-04
   9.34011841      -3.01241846E-04
   9.35011864      -2.99313950E-04
   9.36011887      -2.97400373E-04
   9.37011909      -2.95500999E-04
   9.38011932      -2.93615827E-04
   9.39011955      -2.91744713E-04
   9.40011978      -2.89887452E-04
   9.41012001      -2.88043928E-04
   9.42012024      -2.86214112E-04
   9.43012047      -2.84397800E-04
   9.44012070      -2.82594934E-04
   9.45012093      -2.80805369E-04
   9.46012115      -2.79029075E-04
   9.47012138      -2.77265906E-04
   9.48012161      -2.75515718E-04
   9.49012184      -2.73778278E-04
   9.50012207      -2.72053643E-04
   9.51012230      -2.70341727E-04
   9.52012253      -2.68642296E-04
   9.53012276      -2.66955467E-04
   9.54012299      -2.65280833E-04
   9.55012321      -2.63618451E-04
   9.56012344      -2.61968293E-04
   9.57012367      -2.60330125E-04
   9.58012390      -2.58703891E-04
   9.59012413      -2.57089530E-04
   9.60012436      -2.55486812E-04
   9.61012459      -2.53895851E-04
   9.62012482      -2.52316444E-04
   9.63012505      -2.50748388E-04
   9.64012527      -2.49191711E-04
   9.65012550      -2.47646327E-04
   9.66012573      -2.46112177E-04
   9.67012596      -2.44589028E-04
   9.68012619      -2.43076851E-04
   9.69012642      -2.41575646E-04
   9.70012665      -2.40085210E-04
   9.71012688      -2.38605411E-04
   9.72012711      -2.37136352E-04
   9.73012733      -2.35677726E-04
   9.74012756      -2.34229694E-04
   9.75012779      -2.32791877E-04
   9.76012802      -2.31364465E-04
   9.77012825      -2.29947254E-04
   9.78012848      -2.28540099E-04
   9.79012871      -2.27143028E-04
   9.80012894      -2.25755837E-04
   9.81012917      -2.24378527E-04
   9.82012939      -2.23011128E-04
   9.83012962      -2.21653390E-04
   9.84012985      -2.20305243E-04
   9.85013008      -2.18966597E-04
   9.86013031      -2.17637586E-04
   9.87013054      -2.16317829E-04
   9.88013077      -2.15007429E-04
   9.89013100      -2.13706429E-04
   9.90013123      -2.12414510E-04
   9.91013145      -2.11131584E-04
   9.92013168      -2.09857812E-04
   9.93013191      -2.08592945E-04
   9.94013214      -2.07336983E-04
   9.95013237      -2.06089811E-04
   9.96013260      -2.04851400E-04
   9.97013283      -2.03621719E-04
   9.98013306      -2.02400610E-04
   9.99013329      -2.01188057E-04
