        1000   6.69539198E-02   1.85462166E-04  0.177762359      0.185462162      0.118508242    
        1000  -8.07525218E-02   9.66421940E-05  0.266092062       9.66421962E-02  0.177394718    
        1000  -1.45545751E-02   2.35489715E-04  0.375066429      0.235489711      0.250044286    
        1000   3.36233974E-02   3.84468120E-04  0.526267052      0.384468108      0.350844711    
        1000  0.206934512       7.06995314E-04  0.750091136      0.706995308      0.500060797    
        1000  -4.63363528E-02   7.07946543E-04   1.13142431      0.707946539      0.754282892    
        1000 -0.361696482       7.05933431E-04   1.60144484      0.705933452       1.06762993    
        1000  0.199924111       1.72252278E-03   2.28389788       1.72252274       1.52259862    
        1000  0.124751091       2.36217375E-03   3.35613394       2.36217380       2.23742270    
        1000 -0.335542679       2.89458758E-03   4.84519529       2.89458752       3.23013020    
        1000  0.710223198       5.37745934E-03   7.00085449       5.37745953       4.66723633    
        1000  0.232633114       6.68258313E-03   9.67492485       6.68258333       6.44995022    
        1000 -0.524717331       9.06435773E-03   14.3836117       9.06435776       9.58907509    
        1000   3.43724060       1.71370059E-02   20.5496483       17.1370068       13.6997662    
        1000  -2.53340530       1.71619207E-02   29.5429878       17.1619205       19.6953259    
        1000  0.150066376       2.82198582E-02   42.1046867       28.2198582       28.0697918    
        1000  -4.34906006       3.90309542E-02   65.0700150       39.0309525       43.3800125    
        1000  -4.66570282       5.18096201E-02   84.7129822       51.8096199       56.4753227    
        1000   1.26461792       8.61097425E-02   127.267685       86.1097412       84.8451233    
        1000 -0.352798462      0.122123599       183.714584       122.123596       122.476395    
        1000   13.0578613      0.193883121       271.237885       193.883118       180.825256    
        1000   25.5231018      0.287192076       392.503448       287.192078       261.668976    
        1000  -3.96102905      0.367567658       557.293030       367.567657       371.528687    
        1000   36.8926392      0.550420582       770.291870       550.420593       513.527954    
        1000  -18.8614502      0.741293013       1140.23169       741.293030       760.154480    
        1000   74.8253174       1.11400807       1558.77405       1114.00806       1039.18274    
        1000   24.2147217       1.54751873       2284.95581       1547.51868       1523.30396    
        1000  -6.08105469       2.33973813       3518.72852       2339.73804       2345.81909    
        1000  -28.2934570       3.12500095       4729.94141       3125.00098       3153.29443    
        1000  -56.4443359       4.76663351       7234.61621       4766.63330       4823.07764    
        1000   12.6401367       6.96557665       10429.4043       6965.57666       6952.93652    
        1000   45.8105469       10.0989218       15079.6670       10098.9219       10053.1113    
        1000   61.7890625       13.8900309       20742.3633       13890.0313       13828.2422    
        1000   113.531250       20.6813221       30851.6855       20681.3223       20567.7910    
        1000  -246.646484       29.0374203       43926.0977       29037.4199       29284.0664    
        1000  -145.316406       42.2649307       63615.3672       42264.9297       42410.2461    
        1000  -246.500000       59.4771996       89585.5469       59477.1992       59723.6992    
        1000  -791.671875       83.3890991       126271.156       83389.1016       84180.7734    
        1000  -139.335938       122.338417       183716.625       122338.414       122477.750    
        1000   418.453125       178.837982       267629.281       178837.984       178419.531    
        1000   392.437500       253.074234       379022.688       253074.234       252681.797    
        1000   1191.84375       364.298035       544659.250       364298.031       363106.188    
        1000   2095.62500       539.514587       806128.375       539514.563       537418.938    
        1000   1151.50000       775.531494       1161570.00       775531.500       774380.000    
        1000   3341.12500       1109.52710       1659279.00       1109527.13       1106186.00    
        1000   3914.75000       1595.01794       2386654.75       1595018.00       1591103.25    
        1000   4556.25000       2322.71167       3477233.25       2322711.75       2318155.50    
        1000   4098.25000       3300.23901       4944211.00       3300239.00       3296140.75    
        1000   11557.5000       5002.14063       7485874.50       5002140.50       4990583.00    
        1000   11222.5000       7257.90381       10870022.0       7257904.00       7246681.50    
