        1000  -117.395470       1.11277297E-03  0.177762359       1.11277294       118.508240    
        1000  -176.814865       5.79853193E-04  0.266092062      0.579853177       177.394714    
        1000  -248.631348       1.41293823E-03  0.375066429       1.41293824       250.044281    
        1000  -348.537872       2.30680895E-03  0.526267052       2.30680895       350.844696    
        1000  -495.818817       4.24197176E-03  0.750091136       4.24197197       500.060791    
        1000  -750.035217       4.24767938E-03   1.13142431       4.24767923       754.282898    
        1000  -1063.39429       4.23560059E-03   1.60144484       4.23560047       1067.62988    
        1000  -1512.26355       1.03351362E-02   2.28389788       10.3351364       1522.59863    
        1000  -2223.36182       1.40607748E-02   3.35613394       14.0607748       2237.42261    
        1000  -3212.62939       1.75006595E-02   4.84519529       17.5006599       3230.13013    
        1000  -4634.97168       3.22647542E-02   7.00085449       32.2647552       4667.23633    
        1000  -6409.85449       4.00955006E-02   9.67492485       40.0955009       6449.95020    
        1000  -9534.68945       5.43861426E-02   14.3836117       54.3861427       9589.07520    
        1000  -13598.4307      0.101336367       20.5496483       101.336365       13699.7666    
        1000  -19590.3125      0.105013616       29.5429878       105.013618       19695.3262    
        1000  -27904.7969      0.164993912       42.1046867       164.993912       28069.7910    
        1000  -43148.5859      0.231425554       65.0700150       231.425552       43380.0117    
        1000  -56168.4453      0.306877404       84.7129822       306.877411       56475.3242    
        1000  -84321.0078      0.524117887       127.267685       524.117859       84845.1250    
        1000  -121740.305      0.736096740       183.714584       736.096741       122476.398    
        1000  -179661.953       1.16329896       271.237885       1163.29895       180825.250    
        1000  -259948.625       1.72034824       392.503448       1720.34827       261668.969    
        1000  -369337.156       2.19153261       557.293030       2191.53271       371528.688    
        1000  -510240.000       3.28797078       770.291870       3287.97070       513527.969    
        1000  -755731.313       4.42318439       1140.23169       4423.18457       760154.500    
        1000  -1032519.19       6.66356182       1558.77405       6663.56201       1039182.75    
        1000  -1514063.00       9.24103642       2284.95581       9241.03613       1523304.00    
        1000  -2331892.00       13.9270868       3518.72852       13927.0869       2345819.00    
        1000  -3134623.25       18.6713543       4729.94141       18671.3535       3153294.50    
        1000  -4794576.50       28.5011444       7234.61621       28501.1445       4823077.50    
        1000  -6911149.00       41.7875137       10429.4043       41787.5156       6952936.50    
        1000  -9992653.00       60.4576340       15079.6670       60457.6328       10053111.0    
        1000  -13745569.0       82.6732941       20742.3633       82673.2969       13828242.0    
        1000  -20444106.0       123.685104       30851.6855       123685.102       20567792.0    
        1000  -29110120.0       173.945068       43926.0977       173945.063       29284066.0    
        1000  -42157600.0       252.649048       63615.3672       252649.047       42410248.0    
        1000  -59367572.0       356.126801       89585.5469       356126.813       59723700.0    
        1000  -83680368.0       500.410400       126271.156       500410.406       84180776.0    
        1000  -121745280.       732.473511       183716.625       732473.500       122477752.    
        1000  -177347248.       1072.29211       267629.281       1072292.13       178419536.    
        1000  -251162336.       1519.46313       379022.688       1519463.13       252681792.    
        1000  -360927776.       2178.39551       544659.250       2178395.50       363106176.    
        1000  -534188448.       3230.48413       806128.375       3230484.25       537418944.    
        1000  -769739072.       4640.97559       1161570.00       4640975.50       774380032.    
        1000  -1.09954931E+09   6636.65723       1659279.00       6636657.00       1.10618598E+09
        1000  -1.58154880E+09   9554.47363       2386654.75       9554474.00       1.59110323E+09
        1000  -2.30423987E+09   13915.6543       3477233.25       13915654.0       2.31815552E+09
        1000  -3.27637606E+09   19764.6895       4944211.00       19764690.0       3.29614080E+09
        1000  -4.96065843E+09   29924.2285       7485874.50       29924228.0       4.99058278E+09
        1000  -7.20323840E+09   43443.1563       10870022.0       43443156.0       7.24668160E+09
