           1   13.0687847       43.2620773    
           1   26.3141670       23.0250244    
           2   26.8642654       36.7580299    
           3   90.9792633       23.7021484    
           4   68.6492691       23.0545387    
           5   105.281204       18.8338966    
           7   97.1487961       19.3095341    
          10   175.251221       15.3560181    
          13   204.390305       13.5736237    
          17   174.145752       14.6562300    
          23   250.721848       12.9325542    
          31   260.895935       10.4087582    
          42   307.326904       8.84249401    
          56   370.585327       7.89572334    
          74   427.431854       6.77653885    
         100   526.932312       5.81966162    
         133   546.573303       5.12577152    
         177   644.469666       4.45399427    
         237   738.383057       3.78734684    
         316   851.334961       3.28567767    
         421   1061.90540       2.88375092    
         562   1212.18689       2.44883060    
         749   1393.17981       2.12806559    
        1000   1595.68091       1.82950640    
        1333   1841.96777       1.57966721    
        1778   2138.02881       1.38805282    
        2371   2734.63208       1.25451410    
        3162   4415.32031       1.38539290    
        4216   589848.312       2.33280468    
        5623   604956.438       2.54629874 
