           1   12.9793549       40.8515396    
           1   27.6405830       23.3459854    
           2   25.4200554       34.0748978    
           3   108.473747       26.6458759    
           4   76.8802643       27.7344875    
           5   127.653214       23.5200100    
           7   119.976929       24.4551868    
          10   208.371323       18.0921440    
          13   231.950211       15.1020899    
          17   170.117477       14.5646095    
          23   256.374878       12.9154530    
          31   259.766479       10.3709536    
          42   309.103180       8.84627438    
          56   370.557068       7.82359982    
          74   427.354767       6.79917526    
         100   523.435791       5.78773403    
         133   542.865906       5.05824947 
