           1   13.0124273       41.0993385    
           1   27.4320736       23.2758236    
           2   25.6604958       34.2525482    
           3   106.062271       25.9989433    
           4   67.3449707       24.0700912    
           5   105.760902       19.3554459    
           7   95.9671402       19.4354839    
          10   207.873978       18.2369957    
          13   229.743607       14.9140234    
          17   168.441254       14.4001627    
          23   255.195663       12.8911514    
          31   258.979279       10.3497944    
          42   308.033295       8.81917000    
          56   371.008911       7.82145691    
          74   427.556396       6.80597401
