        1000   73.8149567       1.31909258E-03  -108.743797       1.31909263      -72.4958649    
        1000   257.562042       5.18532507E-02  -308.563171       51.8532524      -205.708786    
        1000   77.0810623       2.59385770E-03  -111.730804       2.59385777      -74.4872055    
        1000   213.454651       6.93235034E-03  -309.783447       6.93235016      -206.522308    
        1000   259.820404       5.20931510E-03  -381.916626       5.20931530      -254.611084    
        1000   127.426270       6.27384987E-03  -181.728622       6.27384996      -121.152420    
        1000   367.242554       1.08063044E-02  -534.654358       10.8063040      -356.436249    
        1000   631124.000       63897.8867       94900144.0       63897888.0       63266764.0    
        1000   72.3469086       2.49998961E-02  -71.0205231       24.9998970      -47.3470154    
        1000   170.772995       5.01777604E-02  -180.892838       50.1777611      -120.595230    
        1000   152.749268       2.01121950       2787.70532       2011.21948       1858.47021    
        1000   219216.000       22836.8047       33926380.0       22836804.0       22617588.0    
        1000   241.030609      0.191726923      -73.9555130       191.726929      -49.3036766    
        1000   339.101562       4.29186106       5929.13867       4291.86084       3952.75928    
        1000   143.685181      0.308585674       247.350708       308.585663       164.900482    
        1000   59.2548828      0.342188925       424.401062       342.188934       282.934052    
        1000   269.580688      0.949641228       1020.09082       949.641235       680.060547    
        1000   136.871277      0.593333006       684.692566       593.333008       456.461731    
        1000   108.768188       1.06927097       1440.75415       1069.27100       960.502808    
        1000  -743.652344       23.9738293       37076.2227       23973.8301       24717.4824    
        1000   156.240112       1.89798057       2612.61060       1897.98059       1741.74048    
        1000   1280168.00       131685.656       195608224.       131685656.       130405488.    
        1000  -153.670166       3.57966256       5599.99902       3579.66260       3733.33276    
        1000   365.227539       6.84313297       9716.85742       6843.13281       6477.90527    
        1000   367.099121       7.95877123       11387.5078       7958.77100       7591.67188    
