           1   4.95921671E-02   4.92369640E-04  0.664166212      0.492369652      0.442777485    
           1  0.404829264       2.04581325E-03   2.46147609       2.04581332       1.64098406    
           2  0.449924707       1.48846605E-03   1.55781186       1.48846602       1.03854132    
           3  0.147560120       5.86207164E-03   8.57176685       5.86207151       5.71451139    
           4  0.692995548       4.56759613E-03   5.81190062       4.56759596       3.87460041    
           5   2.38262653       9.92051605E-03   11.3068342       9.92051601       7.53788948    
           7  0.987043858       7.82067515E-03   10.2504473       7.82067537       6.83363152    
          10  -3.11545658       1.29944272E-02   24.1648254       12.9944277       16.1098843    
          13  -2.68502617       1.87885277E-02   32.2103310       18.7885284       21.4735546    
          17  0.631471634       1.69078819E-02   24.4146156       16.9078827       16.2764111    
          23  -6.73984528       2.10168343E-02   41.6350174       21.0168343       27.7566795    
          31  -2.26037598       3.27117145E-02   52.4581375       32.7117157       34.9720917    
          42  -2.18823242       4.66171131E-02   73.2080154       46.6171112       48.8053436    
          56  -2.81290436       6.33252636E-02   99.2072525       63.3252640       66.1381683    
          74   3.29613495       9.16092098E-02   132.469604       91.6092072       88.3130722    
