   3.99999991E-02   1.39698384E+19   1.39698384E+19   0.00000000    
   4.99999970E-02   7.68000626E+17   7.68000626E+17   0.00000000    
   5.99999949E-02   7.17803195E+16   7.17803195E+16   0.00000000    
   6.99999928E-02   9.67601908E+15   9.67601908E+15   0.00000000    
   7.99999908E-02   1.70530120E+15   1.70530120E+15   0.00000000    
   8.99999887E-02   3.68822532E+14   3.68822532E+14   0.00000000    
   9.99999866E-02   9.37494305E+13   9.37494305E+13   0.00000000    
  0.109999985       2.71556899E+13   2.71556899E+13   0.00000000    
  0.119999982       8.76205153E+12   8.76205153E+12   0.00000000    
  0.129999980       3.09521940E+12   3.09521940E+12   0.00000000    
  0.139999986       1.18108468E+12   1.18108468E+12   0.00000000    
  0.149999991       4.81665679E+11   4.81665679E+11   0.00000000    
  0.159999996       2.08138863E+11   2.08138863E+11   0.00000000    
  0.170000002       9.46348769E+10   9.46348769E+10   0.00000000    
  0.180000007       4.50101494E+10   4.50101494E+10   0.00000000    
  0.190000013       2.22848922E+10   2.22848922E+10   0.00000000    
  0.200000018       1.14382234E+10   1.14382234E+10   0.00000000    
  0.210000023       6.06487552E+09   6.06487552E+09   0.00000000    
  0.220000029       3.31193805E+09   3.31193805E+09   0.00000000    
  0.230000034       1.85777830E+09   1.85777830E+09   0.00000000    
  0.240000039       1.06797069E+09   1.06797069E+09   0.00000000    
  0.250000030       627915264.       627915264.       0.00000000    
  0.260000020       376914176.       376914176.       0.00000000    
  0.270000011       230618400.       230618400.       0.00000000    
  0.280000001       143628064.       143628064.       0.00000000    
  0.289999992       90933936.0       90933936.0       0.00000000    
  0.299999982       58459504.0       58459504.0       0.00000000    
  0.309999973       38121972.0       38121972.0       0.00000000    
  0.319999963       25192740.0       25192740.0       0.00000000    
  0.329999954       16857012.0       16857012.0       0.00000000    
  0.339999944       11411581.0       11411581.0       0.00000000    
  0.349999934       7810043.00       7810043.00       0.00000000    
  0.359999925       5400209.00       5400209.00       0.00000000    
  0.369999915       3770018.50       3770018.50       0.00000000    
  0.379999906       2655808.25       2655808.25       0.00000000    
  0.389999896       1886826.25       1886826.25       0.00000000    
  0.399999887       1351212.12       1351212.12       0.00000000    
  0.409999877       974894.562       974894.562       0.00000000    
  0.419999868       708320.312       708320.312       0.00000000    
  0.429999858       518019.125       518019.125       0.00000000    
  0.439999849       381167.594       381167.594       0.00000000    
  0.449999839       282070.500       282070.500       0.00000000    
  0.459999830       209841.016       209841.016       0.00000000    
  0.469999820       156868.812       156868.812       0.00000000    
  0.479999810       117792.883       117792.883       0.00000000    
  0.489999801       88809.2109       88809.2109       0.00000000    
  0.499999791       67200.3906       67200.3906       0.00000000    
  0.509999812       51011.7812       51011.7812       0.00000000    
  0.519999802       38829.0664       38829.0664       0.00000000    
  0.529999793       29622.4199       29622.4199       0.00000000    
  0.539999783       22637.8203       22637.8203       0.00000000    
  0.549999774       17320.0000       17320.0000       0.00000000    
  0.559999764       13258.0996       13258.0996       0.00000000    
  0.569999754       10146.4707       10146.4707       0.00000000    
  0.579999745       7756.69385       7756.69385       0.00000000    
  0.589999735       5917.25537       5917.25537       0.00000000    
  0.599999726       4498.87646       4498.87646       0.00000000    
  0.609999716       3403.64160       3403.64160       0.00000000    
  0.619999707       2557.14966       2557.14966       0.00000000    
  0.629999697       1902.62939       1902.62939       0.00000000    
  0.639999688       1396.64014       1396.64014       0.00000000    
  0.649999678       1005.79388       1005.79388       0.00000000    
  0.659999669       704.381775       704.381775       0.00000000    
  0.669999659       472.539429       472.539429       0.00000000    
  0.679999650       294.872772       294.872772       0.00000000    
  0.689999640       159.429871       159.429871       0.00000000    
  0.699999630       56.9058800       56.9058800       0.00000000    
  0.709999621      -19.9549389      -19.9549389      -0.00000000    
  0.719999611      -76.8227310      -76.8227310      -0.00000000    
  0.729999602      -118.135178      -118.135178      -0.00000000    
  0.739999592      -147.368332      -147.368332      -0.00000000    
  0.749999583      -167.248795      -167.248795      -0.00000000    
  0.759999573      -179.916763      -179.916763      -0.00000000    
  0.769999564      -187.052704      -187.052704      -0.00000000    
  0.779999554      -189.975388      -189.975388      -0.00000000    
  0.789999545      -189.719940      -189.719940      -0.00000000    
  0.799999535      -187.097778      -187.097778      -0.00000000    
  0.809999526      -182.743835      -182.743835      -0.00000000    
  0.819999516      -177.154022      -177.154022      -0.00000000    
  0.829999506      -170.714371      -170.714371      -0.00000000    
  0.839999497      -163.723984      -163.723984      -0.00000000    
  0.849999487      -156.413559      -156.413559      -0.00000000    
  0.859999478      -148.959747      -148.959747      -0.00000000    
  0.869999468      -141.496262      -141.496262      -0.00000000    
  0.879999459      -134.123505      -134.123505      -0.00000000    
  0.889999449      -126.915245      -126.915245      -0.00000000    
  0.899999440      -119.924393      -119.924393      -0.00000000    
  0.909999430      -113.187927      -113.187927      -0.00000000    
  0.919999421      -106.730003      -106.730003      -0.00000000    
  0.929999411      -100.565018      -100.565018      -0.00000000    
  0.939999402      -94.6997833      -94.6997833      -0.00000000    
  0.949999392      -89.1355896      -89.1355896      -0.00000000    
  0.959999382      -83.8692856      -83.8692856      -0.00000000    
  0.969999373      -78.8944626      -78.8944626      -0.00000000    
  0.979999363      -74.2025146      -74.2025146      -0.00000000    
  0.989999354      -69.7832336      -69.7832336      -0.00000000    
  0.999999344      -65.6252747      -65.6252747      -0.00000000    
   1.00999939      -61.7166214      -61.7166214      -0.00000000    
   1.01999938      -58.0450592      -58.0450592      -0.00000000    
   1.02999938      -54.5981636      -54.5981636      -0.00000000    
   1.03999937      -51.3636513      -51.3636513      -0.00000000    
   1.04999936      -48.3295288      -48.3295288      -0.00000000    
   1.05999935      -45.4841118      -45.4841118      -0.00000000    
   1.06999934      -42.8161201      -42.8161201      -0.00000000    
   1.07999933      -40.3147659      -40.3147659      -0.00000000    
   1.08999932      -37.9697990      -37.9697990      -0.00000000    
   1.09999931      -35.7714081      -35.7714081      -0.00000000    
   1.10999930      -33.7103157      -33.7103157      -0.00000000    
   1.11999929      -31.7778149      -31.7778149      -0.00000000    
   1.12999928      -29.9656239      -29.9656239      -0.00000000    
   1.13999927      -28.2660313      -28.2660313      -0.00000000    
   1.14999926      -26.6716900      -26.6716900      -0.00000000    
   1.15999925      -25.1758289      -25.1758289      -0.00000000    
   1.16999924      -23.7720013      -23.7720013      -0.00000000    
   1.17999923      -22.4542713      -22.4542713      -0.00000000    
   1.18999922      -21.2170124      -21.2170124      -0.00000000    
   1.19999921      -20.0549793      -20.0549793      -0.00000000    
   1.20999920      -18.9633179      -18.9633179      -0.00000000    
   1.21999919      -17.9374275      -17.9374275      -0.00000000    
   1.22999918      -16.9730701      -16.9730701      -0.00000000    
   1.23999918      -16.0662708      -16.0662708      -0.00000000    
   1.24999917      -15.2133141      -15.2133141      -0.00000000    
   1.25999916      -14.4107399      -14.4107399      -0.00000000    
   1.26999915      -13.6553335      -13.6553335      -0.00000000    
   1.27999914      -12.9440794      -12.9440794      -0.00000000    
   1.28999913      -12.2741776      -12.2741776      -0.00000000    
   1.29999912      -11.6429892      -11.6429892      -0.00000000    
   1.30999911      -11.0480967      -11.0480967      -0.00000000    
   1.31999910      -10.4872131      -10.4872131      -0.00000000    
   1.32999909      -9.95821095      -9.95821095      -0.00000000    
   1.33999908      -9.45909977      -9.45909977      -0.00000000    
   1.34999907      -8.98804283      -8.98804283      -0.00000000    
   1.35999906      -8.54329586      -8.54329586      -0.00000000    
   1.36999905      -8.12325859      -8.12325859      -0.00000000    
   1.37999904      -7.72640944      -7.72640944      -0.00000000    
   1.38999903      -7.35134888      -7.35134888      -0.00000000    
   1.39999902      -6.99675894      -6.99675894      -0.00000000    
   1.40999901      -6.66140270      -6.66140270      -0.00000000    
   1.41999900      -6.34413481      -6.34413481      -0.00000000    
   1.42999899      -6.04387951      -6.04387951      -0.00000000    
   1.43999898      -5.75962591      -5.75962591      -0.00000000    
   1.44999897      -5.49043608      -5.49043608      -0.00000000    
   1.45999897      -5.23542309      -5.23542309      -0.00000000    
   1.46999896      -4.99376869      -4.99376869      -0.00000000    
   1.47999895      -4.76469374      -4.76469374      -0.00000000    
   1.48999894      -4.54747009      -4.54747009      -0.00000000    
   1.49999893      -4.34142494      -4.34142494      -0.00000000    
   1.50999892      -4.14592075      -4.14592075      -0.00000000    
   1.51999891      -3.96035314      -3.96035314      -0.00000000    
   1.52999890      -3.78417063      -3.78417063      -0.00000000    
   1.53999889      -3.61684251      -3.61684251      -0.00000000    
   1.54999888      -3.45787239      -3.45787239      -0.00000000    
   1.55999887      -3.30680346      -3.30680346      -0.00000000    
   1.56999886      -3.16319275      -3.16319275      -0.00000000    
   1.57999885      -3.02663660      -3.02663660      -0.00000000    
   1.58999884      -2.89674902      -2.89674902      -0.00000000    
   1.59999883      -2.77316427      -2.77316427      -0.00000000    
   1.60999882      -2.65554810      -2.65554810      -0.00000000    
   1.61999881      -2.54357624      -2.54357624      -0.00000000    
   1.62999880      -2.43694663      -2.43694663      -0.00000000    
   1.63999879      -2.33537889      -2.33537889      -0.00000000    
   1.64999878      -2.23860288      -2.23860288      -0.00000000    
   1.65999877      -2.14637017      -2.14637017      -0.00000000    
   1.66999876      -2.05844116      -2.05844116      -0.00000000    
   1.67999876      -1.97459173      -1.97459173      -0.00000000    
   1.68999875      -1.89461172      -1.89461172      -0.00000000    
   1.69999874      -1.81830239      -1.81830239      -0.00000000    
   1.70999873      -1.74547625      -1.74547625      -0.00000000    
   1.71999872      -1.67595637      -1.67595637      -0.00000000    
   1.72999871      -1.60957491      -1.60957491      -0.00000000    
   1.73999870      -1.54617298      -1.54617298      -0.00000000    
   1.74999869      -1.48560369      -1.48560369      -0.00000000    
   1.75999868      -1.42772424      -1.42772424      -0.00000000    
   1.76999867      -1.37240314      -1.37240314      -0.00000000    
   1.77999866      -1.31951213      -1.31951213      -0.00000000    
   1.78999865      -1.26893425      -1.26893425      -0.00000000    
   1.79999864      -1.22055399      -1.22055399      -0.00000000    
   1.80999863      -1.17426682      -1.17426682      -0.00000000    
   1.81999862      -1.12997127      -1.12997127      -0.00000000    
   1.82999861      -1.08757246      -1.08757246      -0.00000000    
   1.83999860      -1.04697835      -1.04697835      -0.00000000    
   1.84999859      -1.00810313      -1.00810313      -0.00000000    
   1.85999858     -0.970867217     -0.970867217      -0.00000000    
   1.86999857     -0.935192347     -0.935192347      -0.00000000    
   1.87999856     -0.901004970     -0.901004970      -0.00000000    
   1.88999856     -0.868236840     -0.868236840      -0.00000000    
   1.89999855     -0.836822093     -0.836822093      -0.00000000    
   1.90999854     -0.806696594     -0.806696594      -0.00000000    
   1.91999853     -0.777803659     -0.777803659      -0.00000000    
   1.92999852     -0.750085533     -0.750085533      -0.00000000    
   1.93999851     -0.723488927     -0.723488927      -0.00000000    
   1.94999850     -0.697964013     -0.697964013      -0.00000000    
   1.95999849     -0.673461318     -0.673461318      -0.00000000    
   1.96999848     -0.649935663     -0.649935663      -0.00000000    
   1.97999847     -0.627343714     -0.627343714      -0.00000000    
   1.98999846     -0.605643570     -0.605643570      -0.00000000    
   1.99999845     -0.584796011     -0.584796011      -0.00000000    
   2.00999856     -0.564763904     -0.564763904      -0.00000000    
   2.01999855     -0.545511544     -0.545511544      -0.00000000    
   2.02999854     -0.527004957     -0.527004957      -0.00000000    
   2.03999853     -0.509211659     -0.509211659      -0.00000000    
   2.04999852     -0.492101043     -0.492101043      -0.00000000    
   2.05999851     -0.475643903     -0.475643903      -0.00000000    
   2.06999850     -0.459811866     -0.459811866      -0.00000000    
   2.07999849     -0.444579542     -0.444579542      -0.00000000    
   2.08999848     -0.429919928     -0.429919928      -0.00000000    
   2.09999847     -0.415809989     -0.415809989      -0.00000000    
   2.10999846     -0.402226329     -0.402226329      -0.00000000    
   2.11999846     -0.389147401     -0.389147401      -0.00000000    
   2.12999845     -0.376551867     -0.376551867      -0.00000000    
   2.13999844     -0.364419192     -0.364419192      -0.00000000    
   2.14999843     -0.352731407     -0.352731407      -0.00000000    
   2.15999842     -0.341469973     -0.341469973      -0.00000000    
   2.16999841     -0.330616832     -0.330616832      -0.00000000    
   2.17999840     -0.320156008     -0.320156008      -0.00000000    
   2.18999839     -0.310071707     -0.310071707      -0.00000000    
   2.19999838     -0.300348669     -0.300348669      -0.00000000    
   2.20999837     -0.290972173     -0.290972173      -0.00000000    
   2.21999836     -0.281928390     -0.281928390      -0.00000000    
   2.22999835     -0.273204535     -0.273204535      -0.00000000    
   2.23999834     -0.264787495     -0.264787495      -0.00000000    
   2.24999833     -0.256665260     -0.256665260      -0.00000000    
   2.25999832     -0.248826712     -0.248826712      -0.00000000    
   2.26999831     -0.241260216     -0.241260216      -0.00000000    
   2.27999830     -0.233955279     -0.233955279      -0.00000000    
   2.28999829     -0.226902172     -0.226902172      -0.00000000    
   2.29999828     -0.220090717     -0.220090717      -0.00000000    
   2.30999827     -0.213511869     -0.213511869      -0.00000000    
   2.31999826     -0.207156897     -0.207156897      -0.00000000    
   2.32999825     -0.201017052     -0.201017052      -0.00000000    
   2.33999825     -0.195084035     -0.195084035      -0.00000000    
   2.34999824     -0.189350262     -0.189350262      -0.00000000    
   2.35999823     -0.183808267     -0.183808267      -0.00000000    
   2.36999822     -0.178450868     -0.178450868      -0.00000000    
   2.37999821     -0.173271060     -0.173271060      -0.00000000    
   2.38999820     -0.168262288     -0.168262288      -0.00000000    
   2.39999819     -0.163418338     -0.163418338      -0.00000000    
   2.40999818     -0.158733010     -0.158733010      -0.00000000    
   2.41999817     -0.154200464     -0.154200464      -0.00000000    
   2.42999816     -0.149815246     -0.149815246      -0.00000000    
   2.43999815     -0.145571887     -0.145571887      -0.00000000    
   2.44999814     -0.141465276     -0.141465276      -0.00000000    
   2.45999813     -0.137490526     -0.137490526      -0.00000000    
   2.46999812     -0.133642778     -0.133642778      -0.00000000    
   2.47999811     -0.129917711     -0.129917711      -0.00000000    
   2.48999810     -0.126310781     -0.126310781      -0.00000000    
   2.49999809     -0.122817747     -0.122817747      -0.00000000    
   2.50999808     -0.119434707     -0.119434707      -0.00000000    
   2.51999807     -0.116157621     -0.116157621      -0.00000000    
   2.52999806     -0.112982951     -0.112982951      -0.00000000    
   2.53999805     -0.109907009     -0.109907009      -0.00000000    
   2.54999804     -0.106926374     -0.106926374      -0.00000000    
   2.55999804     -0.104037724     -0.104037724      -0.00000000    
   2.56999803     -0.101237930     -0.101237930      -0.00000000    
   2.57999802      -9.85238552E-02  -9.85238552E-02  -0.00000000    
   2.58999801      -9.58926231E-02  -9.58926231E-02  -0.00000000    
   2.59999800      -9.33414549E-02  -9.33414549E-02  -0.00000000    
   2.60999799      -9.08674151E-02  -9.08674151E-02  -0.00000000    
   2.61999798      -8.84680748E-02  -8.84680748E-02  -0.00000000    
   2.62999797      -8.61408785E-02  -8.61408785E-02  -0.00000000    
   2.63999796      -8.38833824E-02  -8.38833824E-02  -0.00000000    
   2.64999795      -8.16931352E-02  -8.16931352E-02  -0.00000000    
   2.65999794      -7.95680359E-02  -7.95680359E-02  -0.00000000    
   2.66999793      -7.75059015E-02  -7.75059015E-02  -0.00000000    
   2.67999792      -7.55045936E-02  -7.55045936E-02  -0.00000000    
   2.68999791      -7.35621005E-02  -7.35621005E-02  -0.00000000    
   2.69999790      -7.16765597E-02  -7.16765597E-02  -0.00000000    
   2.70999789      -6.98459670E-02  -6.98459670E-02  -0.00000000    
   2.71999788      -6.80686533E-02  -6.80686533E-02  -0.00000000    
   2.72999787      -6.63428381E-02  -6.63428381E-02  -0.00000000    
   2.73999786      -6.46668226E-02  -6.46668226E-02  -0.00000000    
   2.74999785      -6.30389899E-02  -6.30389899E-02  -0.00000000    
   2.75999784      -6.14578538E-02  -6.14578538E-02  -0.00000000    
   2.76999784      -5.99218123E-02  -5.99218123E-02  -0.00000000    
   2.77999783      -5.84295504E-02  -5.84295504E-02  -0.00000000    
   2.78999782      -5.69795407E-02  -5.69795407E-02  -0.00000000    
   2.79999781      -5.55705465E-02  -5.55705465E-02  -0.00000000    
   2.80999780      -5.42012081E-02  -5.42012081E-02  -0.00000000    
   2.81999779      -5.28703332E-02  -5.28703332E-02  -0.00000000    
   2.82999778      -5.15766293E-02  -5.15766293E-02  -0.00000000    
   2.83999777      -5.03190048E-02  -5.03190048E-02  -0.00000000    
   2.84999776      -4.90962192E-02  -4.90962192E-02  -0.00000000    
   2.85999775      -4.79073413E-02  -4.79073413E-02  -0.00000000    
   2.86999774      -4.67512533E-02  -4.67512533E-02  -0.00000000    
   2.87999773      -4.56269234E-02  -4.56269234E-02  -0.00000000    
   2.88999772      -4.45333906E-02  -4.45333906E-02  -0.00000000    
   2.89999771      -4.34696972E-02  -4.34696972E-02  -0.00000000    
   2.90999770      -4.24349084E-02  -4.24349084E-02  -0.00000000    
   2.91999769      -4.14282084E-02  -4.14282084E-02  -0.00000000    
   2.92999768      -4.04486842E-02  -4.04486842E-02  -0.00000000    
   2.93999767      -3.94955762E-02  -3.94955762E-02  -0.00000000    
   2.94999766      -3.85680199E-02  -3.85680199E-02  -0.00000000    
   2.95999765      -3.76652516E-02  -3.76652516E-02  -0.00000000    
   2.96999764      -3.67865749E-02  -3.67865749E-02  -0.00000000    
   2.97999763      -3.59312557E-02  -3.59312557E-02  -0.00000000    
   2.98999763      -3.50985713E-02  -3.50985713E-02  -0.00000000    
   2.99999762      -3.42878811E-02  -3.42878811E-02  -0.00000000    
   3.00999761      -3.34985107E-02  -3.34985107E-02  -0.00000000    
   3.01999760      -3.27298045E-02  -3.27298045E-02  -0.00000000    
   3.02999759      -3.19812223E-02  -3.19812223E-02  -0.00000000    
   3.03999758      -3.12521495E-02  -3.12521495E-02  -0.00000000    
   3.04999757      -3.05420030E-02  -3.05420030E-02  -0.00000000    
   3.05999756      -2.98502073E-02  -2.98502073E-02  -0.00000000    
   3.06999755      -2.91762874E-02  -2.91762874E-02  -0.00000000    
   3.07999754      -2.85197031E-02  -2.85197031E-02  -0.00000000    
   3.08999753      -2.78799441E-02  -2.78799441E-02  -0.00000000    
   3.09999752      -2.72565428E-02  -2.72565428E-02  -0.00000000    
   3.10999751      -2.66490113E-02  -2.66490113E-02  -0.00000000    
   3.11999750      -2.60568913E-02  -2.60568913E-02  -0.00000000    
   3.12999749      -2.54797693E-02  -2.54797693E-02  -0.00000000    
   3.13999748      -2.49172188E-02  -2.49172188E-02  -0.00000000    
   3.14999747      -2.43688095E-02  -2.43688095E-02  -0.00000000    
   3.15999746      -2.38341559E-02  -2.38341559E-02  -0.00000000    
   3.16999745      -2.33128574E-02  -2.33128574E-02  -0.00000000    
   3.17999744      -2.28045341E-02  -2.28045341E-02  -0.00000000    
   3.18999743      -2.23088562E-02  -2.23088562E-02  -0.00000000    
   3.19999743      -2.18254533E-02  -2.18254533E-02  -0.00000000    
   3.20999742      -2.13539805E-02  -2.13539805E-02  -0.00000000    
   3.21999741      -2.08941177E-02  -2.08941177E-02  -0.00000000    
   3.22999740      -2.04455145E-02  -2.04455145E-02  -0.00000000    
   3.23999739      -2.00079046E-02  -2.00079046E-02  -0.00000000    
   3.24999738      -1.95809603E-02  -1.95809603E-02  -0.00000000    
   3.25999737      -1.91644002E-02  -1.91644002E-02  -0.00000000    
   3.26999736      -1.87579338E-02  -1.87579338E-02  -0.00000000    
   3.27999735      -1.83612965E-02  -1.83612965E-02  -0.00000000    
   3.28999734      -1.79742109E-02  -1.79742109E-02  -0.00000000    
   3.29999733      -1.75964050E-02  -1.75964050E-02  -0.00000000    
   3.30999732      -1.72276627E-02  -1.72276627E-02  -0.00000000    
   3.31999731      -1.68677270E-02  -1.68677270E-02  -0.00000000    
   3.32999730      -1.65163614E-02  -1.65163614E-02  -0.00000000    
   3.33999729      -1.61733311E-02  -1.61733311E-02  -0.00000000    
   3.34999728      -1.58384088E-02  -1.58384088E-02  -0.00000000    
   3.35999727      -1.55113963E-02  -1.55113963E-02  -0.00000000    
   3.36999726      -1.51920831E-02  -1.51920831E-02  -0.00000000    
   3.37999725      -1.48802595E-02  -1.48802595E-02  -0.00000000    
   3.38999724      -1.45757264E-02  -1.45757264E-02  -0.00000000    
   3.39999723      -1.42782796E-02  -1.42782796E-02  -0.00000000    
   3.40999722      -1.39877731E-02  -1.39877731E-02  -0.00000000    
   3.41999722      -1.37039898E-02  -1.37039898E-02  -0.00000000    
   3.42999721      -1.34267705E-02  -1.34267705E-02  -0.00000000    
   3.43999720      -1.31559419E-02  -1.31559419E-02  -0.00000000    
   3.44999719      -1.28913401E-02  -1.28913401E-02  -0.00000000    
   3.45999718      -1.26327910E-02  -1.26327910E-02  -0.00000000    
   3.46999717      -1.23801585E-02  -1.23801585E-02  -0.00000000    
   3.47999716      -1.21332873E-02  -1.21332873E-02  -0.00000000    
   3.48999715      -1.18920216E-02  -1.18920216E-02  -0.00000000    
   3.49999714      -1.16562238E-02  -1.16562238E-02  -0.00000000    
   3.50999713      -1.14257624E-02  -1.14257624E-02  -0.00000000    
   3.51999712      -1.12004718E-02  -1.12004718E-02  -0.00000000    
   3.52999711      -1.09802643E-02  -1.09802643E-02  -0.00000000    
   3.53999710      -1.07649835E-02  -1.07649835E-02  -0.00000000    
   3.54999709      -1.05545158E-02  -1.05545158E-02  -0.00000000    
   3.55999708      -1.03487354E-02  -1.03487354E-02  -0.00000000    
   3.56999707      -1.01475287E-02  -1.01475287E-02  -0.00000000    
   3.57999706      -9.95077286E-03  -9.95077286E-03  -0.00000000    
   3.58999705      -9.75837000E-03  -9.75837000E-03  -0.00000000    
   3.59999704      -9.57020931E-03  -9.57020931E-03  -0.00000000    
   3.60999703      -9.38617997E-03  -9.38617997E-03  -0.00000000    
   3.61999702      -9.20617767E-03  -9.20617767E-03  -0.00000000    
   3.62999701      -9.03012045E-03  -9.03012045E-03  -0.00000000    
   3.63999701      -8.85789562E-03  -8.85789562E-03  -0.00000000    
   3.64999700      -8.68941937E-03  -8.68941937E-03  -0.00000000    
   3.65999699      -8.52459483E-03  -8.52459483E-03  -0.00000000    
   3.66999698      -8.36332981E-03  -8.36332981E-03  -0.00000000    
   3.67999697      -8.20554234E-03  -8.20554234E-03  -0.00000000    
   3.68999696      -8.05114396E-03  -8.05114396E-03  -0.00000000    
   3.69999695      -7.90006295E-03  -7.90006295E-03  -0.00000000    
   3.70999694      -7.75220850E-03  -7.75220850E-03  -0.00000000    
   3.71999693      -7.60751264E-03  -7.60751264E-03  -0.00000000    
   3.72999692      -7.46589806E-03  -7.46589806E-03  -0.00000000    
   3.73999691      -7.32728466E-03  -7.32728466E-03  -0.00000000    
   3.74999690      -7.19159655E-03  -7.19159655E-03  -0.00000000    
   3.75999689      -7.05877785E-03  -7.05877785E-03  -0.00000000    
   3.76999688      -6.92875730E-03  -6.92875730E-03  -0.00000000    
   3.77999687      -6.80146273E-03  -6.80146273E-03  -0.00000000    
   3.78999686      -6.67683780E-03  -6.67683780E-03  -0.00000000    
   3.79999685      -6.55481685E-03  -6.55481685E-03  -0.00000000    
   3.80999684      -6.43533561E-03  -6.43533561E-03  -0.00000000    
   3.81999683      -6.31833589E-03  -6.31833589E-03  -0.00000000    
   3.82999682      -6.20376132E-03  -6.20376132E-03  -0.00000000    
   3.83999681      -6.09155325E-03  -6.09155325E-03  -0.00000000    
   3.84999681      -5.98166324E-03  -5.98166324E-03  -0.00000000    
   3.85999680      -5.87403122E-03  -5.87403122E-03  -0.00000000    
   3.86999679      -5.76860737E-03  -5.76860737E-03  -0.00000000    
   3.87999678      -5.66533767E-03  -5.66533767E-03  -0.00000000    
   3.88999677      -5.56417368E-03  -5.56417368E-03  -0.00000000    
   3.89999676      -5.46507770E-03  -5.46507770E-03  -0.00000000    
   3.90999675      -5.36798453E-03  -5.36798453E-03  -0.00000000    
   3.91999674      -5.27286064E-03  -5.27286064E-03  -0.00000000    
   3.92999673      -5.17966039E-03  -5.17966039E-03  -0.00000000    
   3.93999672      -5.08833630E-03  -5.08833630E-03  -0.00000000    
   3.94999671      -4.99884877E-03  -4.99884877E-03  -0.00000000    
   3.95999670      -4.91115218E-03  -4.91115218E-03  -0.00000000    
   3.96999669      -4.82521160E-03  -4.82521160E-03  -0.00000000    
   3.97999668      -4.74098651E-03  -4.74098651E-03  -0.00000000    
   3.98999667      -4.65843547E-03  -4.65843547E-03  -0.00000000    
   3.99999666      -4.57752356E-03  -4.57752356E-03  -0.00000000    
   4.00999689      -4.49821213E-03  -4.49821213E-03  -0.00000000    
   4.01999712      -4.42046672E-03  -4.42046672E-03  -0.00000000    
   4.02999735      -4.34425613E-03  -4.34425613E-03  -0.00000000    
   4.03999758      -4.26953938E-03  -4.26953938E-03  -0.00000000    
   4.04999781      -4.19628900E-03  -4.19628900E-03  -0.00000000    
   4.05999804      -4.12447425E-03  -4.12447425E-03  -0.00000000    
   4.06999826      -4.05405508E-03  -4.05405508E-03  -0.00000000    
   4.07999849      -3.98501055E-03  -3.98501055E-03  -0.00000000    
   4.08999872      -3.91730433E-03  -3.91730433E-03  -0.00000000    
   4.09999895      -3.85091244E-03  -3.85091244E-03  -0.00000000    
   4.10999918      -3.78580182E-03  -3.78580182E-03  -0.00000000    
   4.11999941      -3.72194569E-03  -3.72194569E-03  -0.00000000    
   4.12999964      -3.65931937E-03  -3.65931937E-03  -0.00000000    
   4.13999987      -3.59789096E-03  -3.59789096E-03  -0.00000000    
   4.15000010      -3.53764347E-03  -3.53764347E-03  -0.00000000    
   4.16000032      -3.47854104E-03  -3.47854104E-03  -0.00000000    
   4.17000055      -3.42056830E-03  -3.42056830E-03  -0.00000000    
   4.18000078      -3.36369406E-03  -3.36369406E-03  -0.00000000    
   4.19000101      -3.30789969E-03  -3.30789969E-03  -0.00000000    
   4.20000124      -3.25316144E-03  -3.25316144E-03  -0.00000000    
   4.21000147      -3.19945323E-03  -3.19945323E-03  -0.00000000    
   4.22000170      -3.14675784E-03  -3.14675784E-03  -0.00000000    
   4.23000193      -3.09505011E-03  -3.09505011E-03  -0.00000000    
   4.24000216      -3.04431422E-03  -3.04431422E-03  -0.00000000    
   4.25000238      -2.99452269E-03  -2.99452269E-03  -0.00000000    
   4.26000261      -2.94566271E-03  -2.94566271E-03  -0.00000000    
   4.27000284      -2.89771240E-03  -2.89771240E-03  -0.00000000    
   4.28000307      -2.85065034E-03  -2.85065034E-03  -0.00000000    
   4.29000330      -2.80445954E-03  -2.80445954E-03  -0.00000000    
   4.30000353      -2.75912206E-03  -2.75912206E-03  -0.00000000    
   4.31000376      -2.71462114E-03  -2.71462114E-03  -0.00000000    
   4.32000399      -2.67093978E-03  -2.67093978E-03  -0.00000000    
   4.33000422      -2.62805796E-03  -2.62805796E-03  -0.00000000    
   4.34000444      -2.58596195E-03  -2.58596195E-03  -0.00000000    
   4.35000467      -2.54463428E-03  -2.54463428E-03  -0.00000000    
   4.36000490      -2.50405702E-03  -2.50405702E-03  -0.00000000    
   4.37000513      -2.46422272E-03  -2.46422272E-03  -0.00000000    
   4.38000536      -2.42510764E-03  -2.42510764E-03  -0.00000000    
   4.39000559      -2.38670199E-03  -2.38670199E-03  -0.00000000    
   4.40000582      -2.34898762E-03  -2.34898762E-03  -0.00000000    
   4.41000605      -2.31195637E-03  -2.31195637E-03  -0.00000000    
   4.42000628      -2.27558962E-03  -2.27558962E-03  -0.00000000    
   4.43000650      -2.23987293E-03  -2.23987293E-03  -0.00000000    
   4.44000673      -2.20479863E-03  -2.20479863E-03  -0.00000000    
   4.45000696      -2.17034901E-03  -2.17034901E-03  -0.00000000    
   4.46000719      -2.13651243E-03  -2.13651243E-03  -0.00000000    
   4.47000742      -2.10327888E-03  -2.10327888E-03  -0.00000000    
   4.48000765      -2.07063346E-03  -2.07063346E-03  -0.00000000    
   4.49000788      -2.03856663E-03  -2.03856663E-03  -0.00000000    
   4.50000811      -2.00706674E-03  -2.00706674E-03  -0.00000000    
   4.51000834      -1.97611959E-03  -1.97611959E-03  -0.00000000    
   4.52000856      -1.94571947E-03  -1.94571947E-03  -0.00000000    
   4.53000879      -1.91585103E-03  -1.91585103E-03  -0.00000000    
   4.54000902      -1.88650540E-03  -1.88650540E-03  -0.00000000    
   4.55000925      -1.85767270E-03  -1.85767270E-03  -0.00000000    
   4.56000948      -1.82934222E-03  -1.82934222E-03  -0.00000000    
   4.57000971      -1.80150522E-03  -1.80150522E-03  -0.00000000    
   4.58000994      -1.77414971E-03  -1.77414971E-03  -0.00000000    
   4.59001017      -1.74726918E-03  -1.74726918E-03  -0.00000000    
   4.60001040      -1.72085431E-03  -1.72085431E-03  -0.00000000    
   4.61001062      -1.69489335E-03  -1.69489335E-03  -0.00000000    
   4.62001085      -1.66937849E-03  -1.66937849E-03  -0.00000000    
   4.63001108      -1.64430169E-03  -1.64430169E-03  -0.00000000    
   4.64001131      -1.61965482E-03  -1.61965482E-03  -0.00000000    
   4.65001154      -1.59542938E-03  -1.59542938E-03  -0.00000000    
   4.66001177      -1.57161779E-03  -1.57161779E-03  -0.00000000    
   4.67001200      -1.54821051E-03  -1.54821051E-03  -0.00000000    
   4.68001223      -1.52520172E-03  -1.52520172E-03  -0.00000000    
   4.69001245      -1.50258187E-03  -1.50258187E-03  -0.00000000    
   4.70001268      -1.48034538E-03  -1.48034538E-03  -0.00000000    
   4.71001291      -1.45848445E-03  -1.45848445E-03  -0.00000000    
   4.72001314      -1.43699080E-03  -1.43699080E-03  -0.00000000    
   4.73001337      -1.41585816E-03  -1.41585816E-03  -0.00000000    
   4.74001360      -1.39508094E-03  -1.39508094E-03  -0.00000000    
   4.75001383      -1.37465086E-03  -1.37465086E-03  -0.00000000    
   4.76001406      -1.35456189E-03  -1.35456189E-03  -0.00000000    
   4.77001429      -1.33480818E-03  -1.33480818E-03  -0.00000000    
   4.78001451      -1.31538219E-03  -1.31538219E-03  -0.00000000    
   4.79001474      -1.29628007E-03  -1.29628007E-03  -0.00000000    
   4.80001497      -1.27749390E-03  -1.27749390E-03  -0.00000000    
   4.81001520      -1.25901739E-03  -1.25901739E-03  -0.00000000    
   4.82001543      -1.24084624E-03  -1.24084624E-03  -0.00000000    
   4.83001566      -1.22297381E-03  -1.22297381E-03  -0.00000000    
   4.84001589      -1.20539544E-03  -1.20539544E-03  -0.00000000    
   4.85001612      -1.18810532E-03  -1.18810532E-03  -0.00000000    
   4.86001635      -1.17109797E-03  -1.17109797E-03  -0.00000000    
   4.87001657      -1.15436688E-03  -1.15436688E-03  -0.00000000    
   4.88001680      -1.13791018E-03  -1.13791018E-03  -0.00000000    
   4.89001703      -1.12172030E-03  -1.12172030E-03  -0.00000000    
   4.90001726      -1.10579364E-03  -1.10579364E-03  -0.00000000    
   4.91001749      -1.09012472E-03  -1.09012472E-03  -0.00000000    
   4.92001772      -1.07470877E-03  -1.07470877E-03  -0.00000000    
   4.93001795      -1.05954160E-03  -1.05954160E-03  -0.00000000    
   4.94001818      -1.04461855E-03  -1.04461855E-03  -0.00000000    
   4.95001841      -1.02993532E-03  -1.02993532E-03  -0.00000000    
   4.96001863      -1.01548736E-03  -1.01548736E-03  -0.00000000    
   4.97001886      -1.00127060E-03  -1.00127060E-03  -0.00000000    
   4.98001909      -9.87280742E-04  -9.87280742E-04  -0.00000000    
   4.99001932      -9.73513990E-04  -9.73513990E-04  -0.00000000    
   5.00001955      -9.59965691E-04  -9.59965691E-04  -0.00000000    
   5.01001978      -9.46633285E-04  -9.46633285E-04  -0.00000000    
   5.02002001      -9.33511183E-04  -9.33511183E-04  -0.00000000    
   5.03002024      -9.20597231E-04  -9.20597231E-04  -0.00000000    
   5.04002047      -9.07887297E-04  -9.07887297E-04  -0.00000000    
   5.05002069      -8.95377365E-04  -8.95377365E-04  -0.00000000    
   5.06002092      -8.83063534E-04  -8.83063534E-04  -0.00000000    
   5.07002115      -8.70942778E-04  -8.70942778E-04  -0.00000000    
   5.08002138      -8.59012420E-04  -8.59012420E-04  -0.00000000    
   5.09002161      -8.47267627E-04  -8.47267627E-04  -0.00000000    
   5.10002184      -8.35706771E-04  -8.35706771E-04  -0.00000000    
   5.11002207      -8.24325485E-04  -8.24325485E-04  -0.00000000    
   5.12002230      -8.13120685E-04  -8.13120685E-04  -0.00000000    
   5.13002253      -8.02090799E-04  -8.02090799E-04  -0.00000000    
   5.14002275      -7.91230472E-04  -7.91230472E-04  -0.00000000    
   5.15002298      -7.80537899E-04  -7.80537899E-04  -0.00000000    
   5.16002321      -7.70010753E-04  -7.70010753E-04  -0.00000000    
   5.17002344      -7.59645307E-04  -7.59645307E-04  -0.00000000    
   5.18002367      -7.49439117E-04  -7.49439117E-04  -0.00000000    
   5.19002390      -7.39388808E-04  -7.39388808E-04  -0.00000000    
   5.20002413      -7.29492691E-04  -7.29492691E-04  -0.00000000    
   5.21002436      -7.19747390E-04  -7.19747390E-04  -0.00000000    
   5.22002459      -7.10150751E-04  -7.10150751E-04  -0.00000000    
   5.23002481      -7.00700621E-04  -7.00700621E-04  -0.00000000    
   5.24002504      -6.91393099E-04  -6.91393099E-04  -0.00000000    
   5.25002527      -6.82227255E-04  -6.82227255E-04  -0.00000000    
   5.26002550      -6.73199189E-04  -6.73199189E-04  -0.00000000    
   5.27002573      -6.64308318E-04  -6.64308318E-04  -0.00000000    
   5.28002596      -6.55550510E-04  -6.55550510E-04  -0.00000000    
   5.29002619      -6.46925182E-04  -6.46925182E-04  -0.00000000    
   5.30002642      -6.38428552E-04  -6.38428552E-04  -0.00000000    
   5.31002665      -6.30060153E-04  -6.30060153E-04  -0.00000000    
   5.32002687      -6.21815911E-04  -6.21815911E-04  -0.00000000    
   5.33002710      -6.13695709E-04  -6.13695709E-04  -0.00000000    
   5.34002733      -6.05695765E-04  -6.05695765E-04  -0.00000000    
   5.35002756      -5.97815146E-04  -5.97815146E-04  -0.00000000    
   5.36002779      -5.90050826E-04  -5.90050826E-04  -0.00000000    
   5.37002802      -5.82402456E-04  -5.82402456E-04  -0.00000000    
   5.38002825      -5.74866310E-04  -5.74866310E-04  -0.00000000    
   5.39002848      -5.67442563E-04  -5.67442563E-04  -0.00000000    
   5.40002871      -5.60126966E-04  -5.60126966E-04  -0.00000000    
   5.41002893      -5.52919577E-04  -5.52919577E-04  -0.00000000    
   5.42002916      -5.45818184E-04  -5.45818184E-04  -0.00000000    
   5.43002939      -5.38820575E-04  -5.38820575E-04  -0.00000000    
   5.44002962      -5.31924888E-04  -5.31924888E-04  -0.00000000    
   5.45002985      -5.25130192E-04  -5.25130192E-04  -0.00000000    
   5.46003008      -5.18434565E-04  -5.18434565E-04  -0.00000000    
   5.47003031      -5.11836086E-04  -5.11836086E-04  -0.00000000    
   5.48003054      -5.05333708E-04  -5.05333708E-04  -0.00000000    
   5.49003077      -4.98925510E-04  -4.98925510E-04  -0.00000000    
   5.50003099      -4.92610270E-04  -4.92610270E-04  -0.00000000    
   5.51003122      -4.86385776E-04  -4.86385776E-04  -0.00000000    
   5.52003145      -4.80251241E-04  -4.80251241E-04  -0.00000000    
   5.53003168      -4.74205037E-04  -4.74205037E-04  -0.00000000    
   5.54003191      -4.68245358E-04  -4.68245358E-04  -0.00000000    
   5.55003214      -4.62371245E-04  -4.62371245E-04  -0.00000000    
   5.56003237      -4.56581241E-04  -4.56581241E-04  -0.00000000    
   5.57003260      -4.50874213E-04  -4.50874213E-04  -0.00000000    
   5.58003283      -4.45248384E-04  -4.45248384E-04  -0.00000000    
   5.59003305      -4.39702388E-04  -4.39702388E-04  -0.00000000    
   5.60003328      -4.34235350E-04  -4.34235350E-04  -0.00000000    
   5.61003351      -4.28845815E-04  -4.28845815E-04  -0.00000000    
   5.62003374      -4.23532736E-04  -4.23532736E-04  -0.00000000    
   5.63003397      -4.18294512E-04  -4.18294512E-04  -0.00000000    
   5.64003420      -4.13130678E-04  -4.13130678E-04  -0.00000000    
   5.65003443      -4.08039079E-04  -4.08039079E-04  -0.00000000    
   5.66003466      -4.03019425E-04  -4.03019425E-04  -0.00000000    
   5.67003489      -3.98070028E-04  -3.98070028E-04  -0.00000000    
   5.68003511      -3.93190072E-04  -3.93190072E-04  -0.00000000    
   5.69003534      -3.88378132E-04  -3.88378132E-04  -0.00000000    
   5.70003557      -3.83633684E-04  -3.83633684E-04  -0.00000000    
   5.71003580      -3.78955359E-04  -3.78955359E-04  -0.00000000    
   5.72003603      -3.74341849E-04  -3.74341849E-04  -0.00000000    
   5.73003626      -3.69792309E-04  -3.69792309E-04  -0.00000000    
   5.74003649      -3.65306187E-04  -3.65306187E-04  -0.00000000    
   5.75003672      -3.60882375E-04  -3.60882375E-04  -0.00000000    
   5.76003695      -3.56519071E-04  -3.56519071E-04  -0.00000000    
   5.77003717      -3.52216477E-04  -3.52216477E-04  -0.00000000    
   5.78003740      -3.47972644E-04  -3.47972644E-04  -0.00000000    
   5.79003763      -3.43787600E-04  -3.43787600E-04  -0.00000000    
   5.80003786      -3.39659891E-04  -3.39659891E-04  -0.00000000    
   5.81003809      -3.35588382E-04  -3.35588382E-04  -0.00000000    
   5.82003832      -3.31572985E-04  -3.31572985E-04  -0.00000000    
   5.83003855      -3.27612070E-04  -3.27612070E-04  -0.00000000    
   5.84003878      -3.23705317E-04  -3.23705317E-04  -0.00000000    
   5.85003901      -3.19851621E-04  -3.19851621E-04  -0.00000000    
   5.86003923      -3.16050311E-04  -3.16050311E-04  -0.00000000    
   5.87003946      -3.12300574E-04  -3.12300574E-04  -0.00000000    
   5.88003969      -3.08601535E-04  -3.08601535E-04  -0.00000000    
   5.89003992      -3.04952788E-04  -3.04952788E-04  -0.00000000    
   5.90004015      -3.01352760E-04  -3.01352760E-04  -0.00000000    
   5.91004038      -2.97801627E-04  -2.97801627E-04  -0.00000000    
   5.92004061      -2.94297846E-04  -2.94297846E-04  -0.00000000    
   5.93004084      -2.90841417E-04  -2.90841417E-04  -0.00000000    
   5.94004107      -2.87431147E-04  -2.87431147E-04  -0.00000000    
   5.95004129      -2.84066598E-04  -2.84066598E-04  -0.00000000    
   5.96004152      -2.80746783E-04  -2.80746783E-04  -0.00000000    
   5.97004175      -2.77471554E-04  -2.77471554E-04  -0.00000000    
   5.98004198      -2.74239836E-04  -2.74239836E-04  -0.00000000    
   5.99004221      -2.71050929E-04  -2.71050929E-04  -0.00000000    
   6.00004244      -2.67904223E-04  -2.67904223E-04  -0.00000000    
   6.01004267      -2.64799455E-04  -2.64799455E-04  -0.00000000    
   6.02004290      -2.61735724E-04  -2.61735724E-04  -0.00000000    
   6.03004313      -2.58712302E-04  -2.58712302E-04  -0.00000000    
   6.04004335      -2.55728839E-04  -2.55728839E-04  -0.00000000    
   6.05004358      -2.52784492E-04  -2.52784492E-04  -0.00000000    
   6.06004381      -2.49879027E-04  -2.49879027E-04  -0.00000000    
   6.07004404      -2.47011427E-04  -2.47011427E-04  -0.00000000    
   6.08004427      -2.44181574E-04  -2.44181574E-04  -0.00000000    
   6.09004450      -2.41388741E-04  -2.41388741E-04  -0.00000000    
   6.10004473      -2.38632201E-04  -2.38632201E-04  -0.00000000    
   6.11004496      -2.35911633E-04  -2.35911633E-04  -0.00000000    
   6.12004519      -2.33226470E-04  -2.33226470E-04  -0.00000000    
   6.13004541      -2.30576145E-04  -2.30576145E-04  -0.00000000    
   6.14004564      -2.27960161E-04  -2.27960161E-04  -0.00000000    
   6.15004587      -2.25378113E-04  -2.25378113E-04  -0.00000000    
   6.16004610      -2.22829534E-04  -2.22829534E-04  -0.00000000    
   6.17004633      -2.20313552E-04  -2.20313552E-04  -0.00000000    
   6.18004656      -2.17830282E-04  -2.17830282E-04  -0.00000000    
   6.19004679      -2.15378619E-04  -2.15378619E-04  -0.00000000    
   6.20004702      -2.12958723E-04  -2.12958723E-04  -0.00000000    
   6.21004725      -2.10569706E-04  -2.10569706E-04  -0.00000000    
   6.22004747      -2.08211422E-04  -2.08211422E-04  -0.00000000    
   6.23004770      -2.05883029E-04  -2.05883029E-04  -0.00000000    
   6.24004793      -2.03584583E-04  -2.03584583E-04  -0.00000000    
   6.25004816      -2.01315270E-04  -2.01315270E-04  -0.00000000    
   6.26004839      -1.99074871E-04  -1.99074871E-04  -0.00000000    
   6.27004862      -1.96863068E-04  -1.96863068E-04  -0.00000000    
   6.28004885      -1.94679073E-04  -1.94679073E-04  -0.00000000    
   6.29004908      -1.92522828E-04  -1.92522828E-04  -0.00000000    
   6.30004930      -1.90393708E-04  -1.90393708E-04  -0.00000000    
   6.31004953      -1.88291699E-04  -1.88291699E-04  -0.00000000    
   6.32004976      -1.86216072E-04  -1.86216072E-04  -0.00000000    
   6.33004999      -1.84166376E-04  -1.84166376E-04  -0.00000000    
   6.34005022      -1.82142729E-04  -1.82142729E-04  -0.00000000    
   6.35005045      -1.80144169E-04  -1.80144169E-04  -0.00000000    
   6.36005068      -1.78170798E-04  -1.78170798E-04  -0.00000000    
   6.37005091      -1.76221933E-04  -1.76221933E-04  -0.00000000    
   6.38005114      -1.74297573E-04  -1.74297573E-04  -0.00000000    
   6.39005136      -1.72397078E-04  -1.72397078E-04  -0.00000000    
   6.40005159      -1.70520376E-04  -1.70520376E-04  -0.00000000    
   6.41005182      -1.68666898E-04  -1.68666898E-04  -0.00000000    
   6.42005205      -1.66836282E-04  -1.66836282E-04  -0.00000000    
   6.43005228      -1.65028425E-04  -1.65028425E-04  -0.00000000    
   6.44005251      -1.63242978E-04  -1.63242978E-04  -0.00000000    
   6.45005274      -1.61479635E-04  -1.61479635E-04  -0.00000000    
   6.46005297      -1.59737887E-04  -1.59737887E-04  -0.00000000    
   6.47005320      -1.58017661E-04  -1.58017661E-04  -0.00000000    
   6.48005342      -1.56318449E-04  -1.56318449E-04  -0.00000000    
   6.49005365      -1.54640293E-04  -1.54640293E-04  -0.00000000    
   6.50005388      -1.52982495E-04  -1.52982495E-04  -0.00000000    
   6.51005411      -1.51345055E-04  -1.51345055E-04  -0.00000000    
   6.52005434      -1.49727712E-04  -1.49727712E-04  -0.00000000    
   6.53005457      -1.48129955E-04  -1.48129955E-04  -0.00000000    
   6.54005480      -1.46551727E-04  -1.46551727E-04  -0.00000000    
   6.55005503      -1.44992577E-04  -1.44992577E-04  -0.00000000    
   6.56005526      -1.43452518E-04  -1.43452518E-04  -0.00000000    
   6.57005548      -1.41931014E-04  -1.41931014E-04  -0.00000000    
   6.58005571      -1.40428005E-04  -1.40428005E-04  -0.00000000    
   6.59005594      -1.38943098E-04  -1.38943098E-04  -0.00000000    
   6.60005617      -1.37476120E-04  -1.37476120E-04  -0.00000000    
   6.61005640      -1.36026865E-04  -1.36026865E-04  -0.00000000    
   6.62005663      -1.34594884E-04  -1.34594884E-04  -0.00000000    
   6.63005686      -1.33180278E-04  -1.33180278E-04  -0.00000000    
   6.64005709      -1.31782508E-04  -1.31782508E-04  -0.00000000    
   6.65005732      -1.30401604E-04  -1.30401604E-04  -0.00000000    
   6.66005754      -1.29037231E-04  -1.29037231E-04  -0.00000000    
   6.67005777      -1.27688996E-04  -1.27688996E-04  -0.00000000    
   6.68005800      -1.26356885E-04  -1.26356885E-04  -0.00000000    
   6.69005823      -1.25040679E-04  -1.25040679E-04  -0.00000000    
   6.70005846      -1.23740072E-04  -1.23740072E-04  -0.00000000    
   6.71005869      -1.22454963E-04  -1.22454963E-04  -0.00000000    
   6.72005892      -1.21185112E-04  -1.21185112E-04  -0.00000000    
   6.73005915      -1.19930170E-04  -1.19930170E-04  -0.00000000    
   6.74005938      -1.18690099E-04  -1.18690099E-04  -0.00000000    
   6.75005960      -1.17464682E-04  -1.17464682E-04  -0.00000000    
   6.76005983      -1.16253716E-04  -1.16253716E-04  -0.00000000    
   6.77006006      -1.15056966E-04  -1.15056966E-04  -0.00000000    
   6.78006029      -1.13874317E-04  -1.13874317E-04  -0.00000000    
   6.79006052      -1.12705457E-04  -1.12705457E-04  -0.00000000    
   6.80006075      -1.11550413E-04  -1.11550413E-04  -0.00000000    
   6.81006098      -1.10408822E-04  -1.10408822E-04  -0.00000000    
   6.82006121      -1.09280467E-04  -1.09280467E-04  -0.00000000    
   6.83006144      -1.08165426E-04  -1.08165426E-04  -0.00000000    
   6.84006166      -1.07063352E-04  -1.07063352E-04  -0.00000000    
   6.85006189      -1.05973981E-04  -1.05973981E-04  -0.00000000    
   6.86006212      -1.04897350E-04  -1.04897350E-04  -0.00000000    
   6.87006235      -1.03833132E-04  -1.03833132E-04  -0.00000000    
   6.88006258      -1.02781290E-04  -1.02781290E-04  -0.00000000    
   6.89006281      -1.01741556E-04  -1.01741556E-04  -0.00000000    
   6.90006304      -1.00713893E-04  -1.00713893E-04  -0.00000000    
   6.91006327      -9.96980161E-05  -9.96980161E-05  -0.00000000    
   6.92006350      -9.86938903E-05  -9.86938903E-05  -0.00000000    
   6.93006372      -9.77012314E-05  -9.77012314E-05  -0.00000000    
   6.94006395      -9.67200394E-05  -9.67200394E-05  -0.00000000    
   6.95006418      -9.57500961E-05  -9.57500961E-05  -0.00000000    
   6.96006441      -9.47911394E-05  -9.47911394E-05  -0.00000000    
   6.97006464      -9.38433004E-05  -9.38433004E-05  -0.00000000    
   6.98006487      -9.29061935E-05  -9.29061935E-05  -0.00000000    
   6.99006510      -9.19797531E-05  -9.19797531E-05  -0.00000000    
   7.00006533      -9.10638628E-05  -9.10638628E-05  -0.00000000    
   7.01006556      -9.01583917E-05  -9.01583917E-05  -0.00000000    
   7.02006578      -8.92632670E-05  -8.92632670E-05  -0.00000000    
   7.03006601      -8.83781613E-05  -8.83781613E-05  -0.00000000    
   7.04006624      -8.75031110E-05  -8.75031110E-05  -0.00000000    
   7.05006647      -8.66379996E-05  -8.66379996E-05  -0.00000000    
   7.06006670      -8.57825435E-05  -8.57825435E-05  -0.00000000    
   7.07006693      -8.49368589E-05  -8.49368589E-05  -0.00000000    
   7.08006716      -8.41006258E-05  -8.41006258E-05  -0.00000000    
   7.09006739      -8.32737496E-05  -8.32737496E-05  -0.00000000    
   7.10006762      -8.24562667E-05  -8.24562667E-05  -0.00000000    
   7.11006784      -8.16477768E-05  -8.16477768E-05  -0.00000000    
   7.12006807      -8.08484692E-05  -8.08484692E-05  -0.00000000    
   7.13006830      -8.00580019E-05  -8.00580019E-05  -0.00000000    
   7.14006853      -7.92764258E-05  -7.92764258E-05  -0.00000000    
   7.15006876      -7.85035591E-05  -7.85035591E-05  -0.00000000    
   7.16006899      -7.77392415E-05  -7.77392415E-05  -0.00000000    
   7.17006922      -7.69834733E-05  -7.69834733E-05  -0.00000000    
   7.18006945      -7.62360360E-05  -7.62360360E-05  -0.00000000    
   7.19006968      -7.54969224E-05  -7.54969224E-05  -0.00000000    
   7.20006990      -7.47659215E-05  -7.47659215E-05  -0.00000000    
   7.21007013      -7.40430842E-05  -7.40430842E-05  -0.00000000    
   7.22007036      -7.33281340E-05  -7.33281340E-05  -0.00000000    
   7.23007059      -7.26211656E-05  -7.26211656E-05  -0.00000000    
   7.24007082      -7.19219242E-05  -7.19219242E-05  -0.00000000    
   7.25007105      -7.12303518E-05  -7.12303518E-05  -0.00000000    
   7.26007128      -7.05463754E-05  -7.05463754E-05  -0.00000000    
   7.27007151      -6.98698714E-05  -6.98698714E-05  -0.00000000    
   7.28007174      -6.92008543E-05  -6.92008543E-05  -0.00000000    
   7.29007196      -6.85390478E-05  -6.85390478E-05  -0.00000000    
   7.30007219      -6.78845317E-05  -6.78845317E-05  -0.00000000    
   7.31007242      -6.72371025E-05  -6.72371025E-05  -0.00000000    
   7.32007265      -6.65967527E-05  -6.65967527E-05  -0.00000000    
   7.33007288      -6.59633806E-05  -6.59633806E-05  -0.00000000    
   7.34007311      -6.53368625E-05  -6.53368625E-05  -0.00000000    
   7.35007334      -6.47171109E-05  -6.47171109E-05  -0.00000000    
   7.36007357      -6.41041261E-05  -6.41041261E-05  -0.00000000    
   7.37007380      -6.34977259E-05  -6.34977259E-05  -0.00000000    
   7.38007402      -6.28978814E-05  -6.28978814E-05  -0.00000000    
   7.39007425      -6.23044980E-05  -6.23044980E-05  -0.00000000    
   7.40007448      -6.17174956E-05  -6.17174956E-05  -0.00000000    
   7.41007471      -6.11368232E-05  -6.11368232E-05  -0.00000000    
   7.42007494      -6.05623864E-05  -6.05623864E-05  -0.00000000    
   7.43007517      -5.99941050E-05  -5.99941050E-05  -0.00000000    
   7.44007540      -5.94318808E-05  -5.94318808E-05  -0.00000000    
   7.45007563      -5.88756957E-05  -5.88756957E-05  -0.00000000    
   7.46007586      -5.83254659E-05  -5.83254659E-05  -0.00000000    
   7.47007608      -5.77811225E-05  -5.77811225E-05  -0.00000000    
   7.48007631      -5.72425306E-05  -5.72425306E-05  -0.00000000    
   7.49007654      -5.67096795E-05  -5.67096795E-05  -0.00000000    
   7.50007677      -5.61824854E-05  -5.61824854E-05  -0.00000000    
   7.51007700      -5.56609302E-05  -5.56609302E-05  -0.00000000    
   7.52007723      -5.51448284E-05  -5.51448284E-05  -0.00000000    
   7.53007746      -5.46342417E-05  -5.46342417E-05  -0.00000000    
   7.54007769      -5.41290246E-05  -5.41290246E-05  -0.00000000    
   7.55007792      -5.36291627E-05  -5.36291627E-05  -0.00000000    
   7.56007814      -5.31345759E-05  -5.31345759E-05  -0.00000000    
   7.57007837      -5.26451258E-05  -5.26451258E-05  -0.00000000    
   7.58007860      -5.21608999E-05  -5.21608999E-05  -0.00000000    
   7.59007883      -5.16817090E-05  -5.16817090E-05  -0.00000000    
   7.60007906      -5.12075858E-05  -5.12075858E-05  -0.00000000    
   7.61007929      -5.07383884E-05  -5.07383884E-05  -0.00000000    
   7.62007952      -5.02741241E-05  -5.02741241E-05  -0.00000000    
   7.63007975      -4.98146619E-05  -4.98146619E-05  -0.00000000    
   7.64007998      -4.93600492E-05  -4.93600492E-05  -0.00000000    
   7.65008020      -4.89101403E-05  -4.89101403E-05  -0.00000000    
   7.66008043      -4.84649499E-05  -4.84649499E-05  -0.00000000    
   7.67008066      -4.80243216E-05  -4.80243216E-05  -0.00000000    
   7.68008089      -4.75883135E-05  -4.75883135E-05  -0.00000000    
   7.69008112      -4.71568237E-05  -4.71568237E-05  -0.00000000    
   7.70008135      -4.67297868E-05  -4.67297868E-05  -0.00000000    
   7.71008158      -4.63071701E-05  -4.63071701E-05  -0.00000000    
   7.72008181      -4.58888862E-05  -4.58888862E-05  -0.00000000    
   7.73008204      -4.54749679E-05  -4.54749679E-05  -0.00000000    
   7.74008226      -4.50652697E-05  -4.50652697E-05  -0.00000000    
   7.75008249      -4.46597915E-05  -4.46597915E-05  -0.00000000    
   7.76008272      -4.42585006E-05  -4.42585006E-05  -0.00000000    
   7.77008295      -4.38612878E-05  -4.38612878E-05  -0.00000000    
   7.78008318      -4.34681824E-05  -4.34681824E-05  -0.00000000    
   7.79008341      -4.30790678E-05  -4.30790678E-05  -0.00000000    
   7.80008364      -4.26939587E-05  -4.26939587E-05  -0.00000000    
   7.81008387      -4.23127349E-05  -4.23127349E-05  -0.00000000    
   7.82008410      -4.19354437E-05  -4.19354437E-05  -0.00000000    
   7.83008432      -4.15619616E-05  -4.15619616E-05  -0.00000000    
   7.84008455      -4.11922701E-05  -4.11922701E-05  -0.00000000    
   7.85008478      -4.08263440E-05  -4.08263440E-05  -0.00000000    
   7.86008501      -4.04641360E-05  -4.04641360E-05  -0.00000000    
   7.87008524      -4.01056059E-05  -4.01056059E-05  -0.00000000    
   7.88008547      -3.97506556E-05  -3.97506556E-05  -0.00000000    
   7.89008570      -3.93993469E-05  -3.93993469E-05  -0.00000000    
   7.90008593      -3.90515379E-05  -3.90515379E-05  -0.00000000    
   7.91008615      -3.87072650E-05  -3.87072650E-05  -0.00000000    
   7.92008638      -3.83664628E-05  -3.83664628E-05  -0.00000000    
   7.93008661      -3.80290476E-05  -3.80290476E-05  -0.00000000    
   7.94008684      -3.76950557E-05  -3.76950557E-05  -0.00000000    
   7.95008707      -3.73643779E-05  -3.73643779E-05  -0.00000000    
   7.96008730      -3.70370435E-05  -3.70370435E-05  -0.00000000    
   7.97008753      -3.67129469E-05  -3.67129469E-05  -0.00000000    
   7.98008776      -3.63921172E-05  -3.63921172E-05  -0.00000000    
   7.99008799      -3.60744889E-05  -3.60744889E-05  -0.00000000    
   8.00008774      -3.57600256E-05  -3.57600256E-05  -0.00000000    
   8.01008797      -3.54486692E-05  -3.54486692E-05  -0.00000000    
   8.02008820      -3.51404342E-05  -3.51404342E-05  -0.00000000    
   8.03008842      -3.48352405E-05  -3.48352405E-05  -0.00000000    
   8.04008865      -3.45330736E-05  -3.45330736E-05  -0.00000000    
   8.05008888      -3.42338972E-05  -3.42338972E-05  -0.00000000    
   8.06008911      -3.39376857E-05  -3.39376857E-05  -0.00000000    
   8.07008934      -3.36444027E-05  -3.36444027E-05  -0.00000000    
   8.08008957      -3.33540011E-05  -3.33540011E-05  -0.00000000    
   8.09008980      -3.30664625E-05  -3.30664625E-05  -0.00000000    
   8.10009003      -3.27817361E-05  -3.27817361E-05  -0.00000000    
   8.11009026      -3.24998364E-05  -3.24998364E-05  -0.00000000    
   8.12009048      -3.22207088E-05  -3.22207088E-05  -0.00000000    
   8.13009071      -3.19442915E-05  -3.19442915E-05  -0.00000000    
   8.14009094      -3.16706210E-05  -3.16706210E-05  -0.00000000    
   8.15009117      -3.13995697E-05  -3.13995697E-05  -0.00000000    
   8.16009140      -3.11312106E-05  -3.11312106E-05  -0.00000000    
   8.17009163      -3.08654526E-05  -3.08654526E-05  -0.00000000    
   8.18009186      -3.06022885E-05  -3.06022885E-05  -0.00000000    
   8.19009209      -3.03416691E-05  -3.03416691E-05  -0.00000000    
   8.20009232      -3.00836109E-05  -3.00836109E-05  -0.00000000    
   8.21009254      -2.98280574E-05  -2.98280574E-05  -0.00000000    
   8.22009277      -2.95749487E-05  -2.95749487E-05  -0.00000000    
   8.23009300      -2.93243302E-05  -2.93243302E-05  -0.00000000    
   8.24009323      -2.90760945E-05  -2.90760945E-05  -0.00000000    
   8.25009346      -2.88303017E-05  -2.88303017E-05  -0.00000000    
   8.26009369      -2.85868409E-05  -2.85868409E-05  -0.00000000    
   8.27009392      -2.83457557E-05  -2.83457557E-05  -0.00000000    
   8.28009415      -2.81069770E-05  -2.81069770E-05  -0.00000000    
   8.29009438      -2.78705065E-05  -2.78705065E-05  -0.00000000    
   8.30009460      -2.76362862E-05  -2.76362862E-05  -0.00000000    
   8.31009483      -2.74043396E-05  -2.74043396E-05  -0.00000000    
   8.32009506      -2.71745848E-05  -2.71745848E-05  -0.00000000    
   8.33009529      -2.69470602E-05  -2.69470602E-05  -0.00000000    
   8.34009552      -2.67216947E-05  -2.67216947E-05  -0.00000000    
   8.35009575      -2.64984665E-05  -2.64984665E-05  -0.00000000    
   8.36009598      -2.62773974E-05  -2.62773974E-05  -0.00000000    
   8.37009621      -2.60584020E-05  -2.60584020E-05  -0.00000000    
   8.38009644      -2.58415203E-05  -2.58415203E-05  -0.00000000    
   8.39009666      -2.56266794E-05  -2.56266794E-05  -0.00000000    
   8.40009689      -2.54138886E-05  -2.54138886E-05  -0.00000000    
   8.41009712      -2.52031023E-05  -2.52031023E-05  -0.00000000    
   8.42009735      -2.49943259E-05  -2.49943259E-05  -0.00000000    
   8.43009758      -2.47875123E-05  -2.47875123E-05  -0.00000000    
   8.44009781      -2.45826541E-05  -2.45826541E-05  -0.00000000    
   8.45009804      -2.43797185E-05  -2.43797185E-05  -0.00000000    
   8.46009827      -2.41787111E-05  -2.41787111E-05  -0.00000000    
   8.47009850      -2.39796045E-05  -2.39796045E-05  -0.00000000    
   8.48009872      -2.37823624E-05  -2.37823624E-05  -0.00000000    
   8.49009895      -2.35869520E-05  -2.35869520E-05  -0.00000000    
   8.50009918      -2.33933933E-05  -2.33933933E-05  -0.00000000    
   8.51009941      -2.32016373E-05  -2.32016373E-05  -0.00000000    
   8.52009964      -2.30116893E-05  -2.30116893E-05  -0.00000000    
   8.53009987      -2.28235040E-05  -2.28235040E-05  -0.00000000    
   8.54010010      -2.26370830E-05  -2.26370830E-05  -0.00000000    
   8.55010033      -2.24523974E-05  -2.24523974E-05  -0.00000000    
   8.56010056      -2.22694234E-05  -2.22694234E-05  -0.00000000    
   8.57010078      -2.20881793E-05  -2.20881793E-05  -0.00000000    
   8.58010101      -2.19085850E-05  -2.19085850E-05  -0.00000000    
   8.59010124      -2.17306715E-05  -2.17306715E-05  -0.00000000    
   8.60010147      -2.15544042E-05  -2.15544042E-05  -0.00000000    
   8.61010170      -2.13797848E-05  -2.13797848E-05  -0.00000000    
   8.62010193      -2.12067553E-05  -2.12067553E-05  -0.00000000    
   8.63010216      -2.10353483E-05  -2.10353483E-05  -0.00000000    
   8.64010239      -2.08655019E-05  -2.08655019E-05  -0.00000000    
   8.65010262      -2.06972400E-05  -2.06972400E-05  -0.00000000    
   8.66010284      -2.05305132E-05  -2.05305132E-05  -0.00000000    
   8.67010307      -2.03653308E-05  -2.03653308E-05  -0.00000000    
   8.68010330      -2.02016599E-05  -2.02016599E-05  -0.00000000    
   8.69010353      -2.00394770E-05  -2.00394770E-05  -0.00000000    
   8.70010376      -1.98787966E-05  -1.98787966E-05  -0.00000000    
   8.71010399      -1.97195768E-05  -1.97195768E-05  -0.00000000    
   8.72010422      -1.95618268E-05  -1.95618268E-05  -0.00000000    
   8.73010445      -1.94055119E-05  -1.94055119E-05  -0.00000000    
   8.74010468      -1.92506286E-05  -1.92506286E-05  -0.00000000    
   8.75010490      -1.90971350E-05  -1.90971350E-05  -0.00000000    
   8.76010513      -1.89450602E-05  -1.89450602E-05  -0.00000000    
   8.77010536      -1.87943551E-05  -1.87943551E-05  -0.00000000    
   8.78010559      -1.86450288E-05  -1.86450288E-05  -0.00000000    
   8.79010582      -1.84970577E-05  -1.84970577E-05  -0.00000000    
   8.80010605      -1.83504126E-05  -1.83504126E-05  -0.00000000    
   8.81010628      -1.82051099E-05  -1.82051099E-05  -0.00000000    
   8.82010651      -1.80610969E-05  -1.80610969E-05  -0.00000000    
   8.83010674      -1.79184153E-05  -1.79184153E-05  -0.00000000    
   8.84010696      -1.77770053E-05  -1.77770053E-05  -0.00000000    
   8.85010719      -1.76368649E-05  -1.76368649E-05  -0.00000000    
   8.86010742      -1.74980032E-05  -1.74980032E-05  -0.00000000    
   8.87010765      -1.73603694E-05  -1.73603694E-05  -0.00000000    
   8.88010788      -1.72239834E-05  -1.72239834E-05  -0.00000000    
   8.89010811      -1.70888034E-05  -1.70888034E-05  -0.00000000    
   8.90010834      -1.69548603E-05  -1.69548603E-05  -0.00000000    
   8.91010857      -1.68220922E-05  -1.68220922E-05  -0.00000000    
   8.92010880      -1.66905265E-05  -1.66905265E-05  -0.00000000    
   8.93010902      -1.65601286E-05  -1.65601286E-05  -0.00000000    
   8.94010925      -1.64309022E-05  -1.64309022E-05  -0.00000000    
   8.95010948      -1.63028144E-05  -1.63028144E-05  -0.00000000    
   8.96010971      -1.61758726E-05  -1.61758726E-05  -0.00000000    
   8.97010994      -1.60500549E-05  -1.60500549E-05  -0.00000000    
   8.98011017      -1.59253705E-05  -1.59253705E-05  -0.00000000    
   8.99011040      -1.58017810E-05  -1.58017810E-05  -0.00000000    
   9.00011063      -1.56792830E-05  -1.56792830E-05  -0.00000000    
   9.01011086      -1.55578709E-05  -1.55578709E-05  -0.00000000    
   9.02011108      -1.54375321E-05  -1.54375321E-05  -0.00000000    
   9.03011131      -1.53182536E-05  -1.53182536E-05  -0.00000000    
   9.04011154      -1.52000457E-05  -1.52000457E-05  -0.00000000    
   9.05011177      -1.50828582E-05  -1.50828582E-05  -0.00000000    
   9.06011200      -1.49666967E-05  -1.49666967E-05  -0.00000000    
   9.07011223      -1.48515701E-05  -1.48515701E-05  -0.00000000    
   9.08011246      -1.47374640E-05  -1.47374640E-05  -0.00000000    
   9.09011269      -1.46243410E-05  -1.46243410E-05  -0.00000000    
   9.10011292      -1.45122203E-05  -1.45122203E-05  -0.00000000    
   9.11011314      -1.44010655E-05  -1.44010655E-05  -0.00000000    
   9.12011337      -1.42908939E-05  -1.42908939E-05  -0.00000000    
   9.13011360      -1.41816936E-05  -1.41816936E-05  -0.00000000    
   9.14011383      -1.40734264E-05  -1.40734264E-05  -0.00000000    
   9.15011406      -1.39661142E-05  -1.39661142E-05  -0.00000000    
   9.16011429      -1.38597352E-05  -1.38597352E-05  -0.00000000    
   9.17011452      -1.37542802E-05  -1.37542802E-05  -0.00000000    
   9.18011475      -1.36497420E-05  -1.36497420E-05  -0.00000000    
   9.19011497      -1.35461059E-05  -1.35461059E-05  -0.00000000    
   9.20011520      -1.34433722E-05  -1.34433722E-05  -0.00000000    
   9.21011543      -1.33415342E-05  -1.33415342E-05  -0.00000000    
   9.22011566      -1.32405657E-05  -1.32405657E-05  -0.00000000    
   9.23011589      -1.31404786E-05  -1.31404786E-05  -0.00000000    
   9.24011612      -1.30412491E-05  -1.30412491E-05  -0.00000000    
   9.25011635      -1.29428763E-05  -1.29428763E-05  -0.00000000    
   9.26011658      -1.28453530E-05  -1.28453530E-05  -0.00000000    
   9.27011681      -1.27486601E-05  -1.27486601E-05  -0.00000000    
   9.28011703      -1.26528057E-05  -1.26528057E-05  -0.00000000    
   9.29011726      -1.25577717E-05  -1.25577717E-05  -0.00000000    
   9.30011749      -1.24635608E-05  -1.24635608E-05  -0.00000000    
   9.31011772      -1.23701539E-05  -1.23701539E-05  -0.00000000    
   9.32011795      -1.22775400E-05  -1.22775400E-05  -0.00000000    
   9.33011818      -1.21857238E-05  -1.21857238E-05  -0.00000000    
   9.34011841      -1.20946879E-05  -1.20946879E-05  -0.00000000    
   9.35011864      -1.20044251E-05  -1.20044251E-05  -0.00000000    
   9.36011887      -1.19149281E-05  -1.19149281E-05  -0.00000000    
   9.37011909      -1.18262024E-05  -1.18262024E-05  -0.00000000    
   9.38011932      -1.17382306E-05  -1.17382306E-05  -0.00000000    
   9.39011955      -1.16510055E-05  -1.16510055E-05  -0.00000000    
   9.40011978      -1.15645207E-05  -1.15645207E-05  -0.00000000    
   9.41012001      -1.14787608E-05  -1.14787608E-05  -0.00000000    
   9.42012024      -1.13937367E-05  -1.13937367E-05  -0.00000000    
   9.43012047      -1.13094202E-05  -1.13094202E-05  -0.00000000    
   9.44012070      -1.12258231E-05  -1.12258231E-05  -0.00000000    
   9.45012093      -1.11429317E-05  -1.11429317E-05  -0.00000000    
   9.46012115      -1.10607389E-05  -1.10607389E-05  -0.00000000    
   9.47012138      -1.09792481E-05  -1.09792481E-05  -0.00000000    
   9.48012161      -1.08984277E-05  -1.08984277E-05  -0.00000000    
   9.49012184      -1.08182849E-05  -1.08182849E-05  -0.00000000    
   9.50012207      -1.07388296E-05  -1.07388296E-05  -0.00000000    
   9.51012230      -1.06600319E-05  -1.06600319E-05  -0.00000000    
   9.52012253      -1.05818926E-05  -1.05818926E-05  -0.00000000    
   9.53012276      -1.05044164E-05  -1.05044164E-05  -0.00000000    
   9.54012299      -1.04275714E-05  -1.04275714E-05  -0.00000000    
   9.55012321      -1.03513848E-05  -1.03513848E-05  -0.00000000    
   9.56012344      -1.02758304E-05  -1.02758304E-05  -0.00000000    
   9.57012367      -1.02008971E-05  -1.02008971E-05  -0.00000000    
   9.58012390      -1.01265914E-05  -1.01265914E-05  -0.00000000    
   9.59012413      -1.00529060E-05  -1.00529060E-05  -0.00000000    
   9.60012436      -9.97982806E-06  -9.97982806E-06  -0.00000000    
   9.61012459      -9.90736135E-06  -9.90736135E-06  -0.00000000    
   9.62012482      -9.83549398E-06  -9.83549398E-06  -0.00000000    
   9.63012505      -9.76421779E-06  -9.76421779E-06  -0.00000000    
   9.64012527      -9.69353732E-06  -9.69353732E-06  -0.00000000    
   9.65012550      -9.62344075E-06  -9.62344075E-06  -0.00000000    
   9.66012573      -9.55392079E-06  -9.55392079E-06  -0.00000000    
   9.67012596      -9.48498109E-06  -9.48498109E-06  -0.00000000    
   9.68012619      -9.41659437E-06  -9.41659437E-06  -0.00000000    
   9.69012642      -9.34878608E-06  -9.34878608E-06  -0.00000000    
   9.70012665      -9.28152258E-06  -9.28152258E-06  -0.00000000    
   9.71012688      -9.21481933E-06  -9.21481933E-06  -0.00000000    
   9.72012711      -9.14865996E-06  -9.14865996E-06  -0.00000000    
   9.73012733      -9.08304992E-06  -9.08304992E-06  -0.00000000    
   9.74012756      -9.01796648E-06  -9.01796648E-06  -0.00000000    
   9.75012779      -8.95341964E-06  -8.95341964E-06  -0.00000000    
   9.76012802      -8.88940303E-06  -8.88940303E-06  -0.00000000    
   9.77012825      -8.82590575E-06  -8.82590575E-06  -0.00000000    
   9.78012848      -8.76292961E-06  -8.76292961E-06  -0.00000000    
   9.79012871      -8.70046006E-06  -8.70046006E-06  -0.00000000    
   9.80012894      -8.63850346E-06  -8.63850346E-06  -0.00000000    
   9.81012917      -8.57705891E-06  -8.57705891E-06  -0.00000000    
   9.82012939      -8.51610002E-06  -8.51610002E-06  -0.00000000    
   9.83012962      -8.45564045E-06  -8.45564045E-06  -0.00000000    
   9.84012985      -8.39566837E-06  -8.39566837E-06  -0.00000000    
   9.85013008      -8.33618924E-06  -8.33618924E-06  -0.00000000    
   9.86013031      -8.27718577E-06  -8.27718577E-06  -0.00000000    
   9.87013054      -8.21866070E-06  -8.21866070E-06  -0.00000000    
   9.88013077      -8.16061038E-06  -8.16061038E-06  -0.00000000    
   9.89013100      -8.10302117E-06  -8.10302117E-06  -0.00000000    
   9.90013123      -8.04590218E-06  -8.04590218E-06  -0.00000000    
   9.91013145      -7.98923884E-06  -7.98923884E-06  -0.00000000    
   9.92013168      -7.93303116E-06  -7.93303116E-06  -0.00000000    
   9.93013191      -7.87727367E-06  -7.87727367E-06  -0.00000000    
   9.94013214      -7.82196821E-06  -7.82196821E-06  -0.00000000    
   9.95013237      -7.76710385E-06  -7.76710385E-06  -0.00000000    
   9.96013260      -7.71268242E-06  -7.71268242E-06  -0.00000000    
   9.97013283      -7.65868936E-06  -7.65868936E-06  -0.00000000    
   9.98013306      -7.60513285E-06  -7.60513285E-06  -0.00000000    
   9.99013329      -7.55200381E-06  -7.55200381E-06  -0.00000000    
